"p_val"	"avg_log2FC"	"pct.1"	"pct.2"	"p_val_adj"
"CXCL14"	0	4.6539036896398	0.924	0.481	0
"PTGDS"	0	4.44942798639913	0.702	0.338	0
"DCN"	0	4.29954199648026	0.995	0.789	0
"CFD"	0	4.27114359709515	0.888	0.64	0
"APOD"	0	3.92391703944357	0.795	0.301	0
"SFRP2"	0	3.80424484572169	0.868	0.392	0
"COL1A1"	0	3.66852881962221	0.991	0.938	0
"FBLN1"	0	3.40861754939543	0.949	0.397	0
"COL1A2"	0	3.35724011432482	0.995	0.928	0
"COL3A1"	0	3.17402986786756	0.963	0.879	0
"LUM"	0	3.03614543409231	0.95	0.55	0
"CCDC80"	0	3.01823016253611	0.986	0.747	0
"CTHRC1"	0	2.91283166195162	0.695	0.288	0
"MMP2"	0	2.77540070790869	0.882	0.299	0
"CTSK"	0	2.64608956823168	0.962	0.488	0
"WISP2"	0	2.60685243729424	0.642	0.23	0
"PLA2G2A"	8.72229848605816e-299	2.58654782029626	0.208	0.008	1.83159545908735e-294
"POSTN"	4.8038456965533e-82	2.35686345736817	0.44	0.357	1.00875955781923e-77
"C3"	0	2.34341846915713	0.557	0.073	0
"DPT"	0	2.29106197206176	0.776	0.161	0
"COMP"	0	2.22658065616093	0.299	0.039	0
"S100A10"	0	2.1079598210448	0.997	0.801	0
"PI16"	0	2.04715884569206	0.409	0.02	0
"HTRA1"	0	2.04704214821082	0.89	0.501	0
"MFAP4"	0	2.03831887738483	0.878	0.34	0
"MEG3"	0	2.03241349435077	0.9	0.29	0
"MFAP5"	0	2.02598091116026	0.567	0.059	0
"GSN"	0	2.0242538316248	0.969	0.932	0
"CST3"	0	2.01974239865032	0.998	0.964	0
"FBLN2"	0	2.01260064957662	0.876	0.226	0
"VCAN"	0	2.00515770299562	0.843	0.22	0
"ASPN"	8.36858635495838e-181	1.86711100908035	0.41	0.235	1.75731944867771e-176
"EFEMP1"	0	1.7773405933825	0.62	0.095	0
"PPIC"	0	1.76838891629919	0.833	0.375	0
"THBS2"	0	1.74079854033531	0.726	0.2	0
"CXCL12"	0	1.72573544751926	0.834	0.59	0
"PTN"	0	1.72387784214288	0.727	0.37	0
"SERPINF1"	0	1.71353507503403	0.971	0.861	0
"LOX"	0	1.70705350670328	0.689	0.09	0
"ELN"	0	1.69584788292702	0.53	0.094	0
"PDGFRL"	0	1.69423785657332	0.694	0.143	0
"C1R"	0	1.67249405981349	0.959	0.76	0
"LRP1"	0	1.65963158783341	0.903	0.325	0
"S100A13"	0	1.6359645766611	0.953	0.474	0
"CRABP2"	0	1.62507240022777	0.786	0.175	0
"CFH"	0	1.5982420374759	0.904	0.593	0
"SPON2"	0	1.57266775901617	0.611	0.16	0
"COL5A1"	0	1.56090232749347	0.702	0.322	0
"FSTL1"	0	1.55694030926493	0.935	0.603	0
"PCOLCE"	0	1.55443762278811	0.974	0.841	0
"FGL2"	0	1.55310736308167	0.631	0.042	0
"OGN"	0	1.5323376474512	0.529	0.029	0
"C1S"	0	1.53096367631346	0.959	0.67	0
"CXCL1"	0	1.52214528850671	0.276	0.017	0
"TIMP1"	0	1.50977488830191	0.993	0.917	0
"IGFBP6"	0	1.50536942643554	0.639	0.296	0
"TNFAIP6"	0	1.50088283671121	0.565	0.182	0
"SFRP4"	7.81451633379475e-206	1.48603129283591	0.275	0.091	1.64097028493356e-201
"SPARC"	6.40564931011332e-163	1.48045452189029	0.976	0.976	1.3451222986307e-158
"SFRP1"	0	1.46533424086346	0.419	0.024	0
"OLFML3"	0	1.44808675918326	0.752	0.183	0
"COL6A1"	0	1.44693782359749	0.986	0.917	0
"SELENOP"	0	1.39892326380782	0.842	0.604	0
"COL5A2"	0	1.3926292489587	0.787	0.567	0
"COL6A2"	0	1.37893181231668	0.998	0.972	0
"FBN1"	0	1.37118399650329	0.776	0.383	0
"ITM2A"	0	1.37006930153823	0.487	0.02	0
"COL6A3"	0	1.35796334811274	0.918	0.705	0
"KLF4"	0	1.32017356233354	0.857	0.555	0
"MMP23B"	0	1.31925574253985	0.557	0.036	0
"MRC2"	0	1.31056363199074	0.662	0.074	0
"MXRA5"	0	1.29948212332202	0.615	0.045	0
"FN1"	2.25219406663108e-281	1.29686431658302	0.775	0.598	4.7293823205186e-277
"MXRA8"	0	1.29031286280629	0.874	0.366	0
"CD99"	0	1.289390209017	0.991	0.905	0
"CLU"	0	1.2865663652893	0.486	0.185	0
"RCN3"	0	1.27540831031277	0.746	0.291	0
"CERCAM"	0	1.25653124526594	0.588	0.123	0
"TNXB"	0	1.23721002678422	0.523	0.097	0
"PSAP"	0	1.21921481889126	0.957	0.669	0
"FCGRT"	0	1.21370695710651	0.893	0.557	0
"MGP"	0	1.21165194635459	0.943	0.935	0
"PLAC9"	0	1.19107351256606	0.957	0.849	0
"SLPI"	5.79149204137552e-287	1.19054143085421	0.197	0.006	1.21615541376845e-282
"AEBP1"	0	1.18855507125205	0.876	0.683	0
"GJA1"	0	1.18373525759546	0.565	0.028	0
"S100A6"	0	1.180533191285	1	0.999	0
"PRDX4"	0	1.17839300108153	0.768	0.426	0
"ANXA1"	0	1.17393320675304	0.979	0.779	0
"PLTP"	0	1.17324391368916	0.755	0.348	0
"IGF1"	0	1.16175264677607	0.377	0.01	0
"ECM1"	0	1.15893978688541	0.695	0.195	0
"MDK"	0	1.15584363778596	0.685	0.455	0
"LY6E"	0	1.15391033554496	0.889	0.516	0
"GPNMB"	0	1.12346094622045	0.777	0.357	0
"ADH1B"	0	1.11150861294667	0.345	0.037	0
"COPZ2"	0	1.1048559221233	0.743	0.367	0
"NBL1"	0	1.10166206125439	0.74	0.468	0
"ABI3BP"	0	1.09816493108868	0.555	0.089	0
"ARL6IP5"	0	1.09192229196038	0.891	0.48	0
"PODN"	0	1.07696557222985	0.642	0.157	0
"CLEC11A"	0	1.06869177005509	0.801	0.388	0
"TIMP2"	0	1.06644185400709	0.968	0.806	0
"NPC2"	0	1.06423454268995	0.801	0.346	0
"DIO2"	0	1.06391093590373	0.386	0.024	0
"CYBRD1"	0	1.06308948760032	0.753	0.327	0
"RARRES2"	0	1.05835918021498	0.827	0.644	0
"ANGPTL1"	0	1.05656120620617	0.49	0.078	0
"TMEM176B"	0	1.05485685431601	0.804	0.421	0
"ITGBL1"	0	1.05477104209303	0.492	0.036	0
"PDGFRA"	0	1.05442782455039	0.553	0.011	0
"GAS1"	0	1.04922437145051	0.523	0.077	0
"DUSP1"	0	1.04430886817715	0.962	0.909	0
"COL15A1"	0	1.03991080937777	0.43	0.048	0
"NUCB2"	0	1.03315765149495	0.667	0.213	0
"SH3BGRL3"	0	1.03279502910521	0.843	0.543	0
"PRELP"	0	1.03109780316002	0.507	0.061	0
"APOE"	3.02459650230683e-07	1.03105026872426	0.719	0.867	0.00635135019519412
"PPIB"	0	1.02946915670654	0.972	0.886	0
"HSPG2"	0	1.01804382250916	0.655	0.147	0
"TWIST2"	0	1.01287583690587	0.545	0.06	0
"COL12A1"	3.40025358108304e-281	1.01286294600031	0.595	0.378	7.14019249491628e-277
"ADD3"	0	1.00561555152346	0.613	0.089	0
"SERF2"	0	1.00366214585068	0.997	0.981	0
"ISLR"	0	1.00242175009445	0.563	0.09	0
"EMILIN1"	0	0.985203694443895	0.54	0.093	0
"OMD"	0	0.979854573465053	0.477	0.007	0
"ABCA8"	0	0.979400879745442	0.473	0.067	0
"FBLN5"	0	0.977107366964526	0.537	0.013	0
"FAP"	0	0.971286212286609	0.444	0.026	0
"RGCC"	0	0.9654121292357	0.454	0.138	0
"MFAP2"	0	0.965252330460145	0.447	0.013	0
"IL11RA"	0	0.955853305146703	0.509	0.039	0
"LTBP4"	0	0.948788858859851	0.584	0.207	0
"RND3"	0	0.948028427110243	0.796	0.445	0
"SERPINE2"	0	0.941900052135664	0.393	0.074	0
"FKBP10"	0	0.936804181634216	0.672	0.277	0
"HTRA3"	0	0.928932797728078	0.418	0.01	0
"CD63"	0	0.91097012003969	1	0.998	0
"ANGPTL2"	0	0.910391868008539	0.59	0.247	0
"VKORC1"	0	0.903725863946018	0.805	0.449	0
"CD248"	0	0.90068672873497	0.625	0.192	0
"EFEMP2"	0	0.899575628801916	0.728	0.307	0
"CDH11"	0	0.892616824439712	0.543	0.099	0
"MARCKS"	0	0.888980587776926	0.938	0.678	0
"S100A16"	0	0.868622720269249	0.514	0.033	0
"SSR4"	0	0.862755212423755	0.93	0.754	0
"ANXA2"	0	0.862242363300001	0.993	0.934	0
"P4HB"	0	0.86000266359023	0.833	0.603	0
"STMN2"	0	0.85964471779477	0.228	0.005	0
"CTSH"	0	0.858309023257777	0.435	0.059	0
"MMP14"	0	0.858170649950432	0.544	0.175	0
"CLEC2B"	0	0.851325229897606	0.657	0.25	0
"SH3BP5"	0	0.850750232988157	0.541	0.057	0
"FGFR1"	0	0.850282184674549	0.759	0.335	0
"FKBP9"	0	0.844540927477634	0.639	0.195	0
"MYDGF"	0	0.84102755208675	0.782	0.418	0
"OSR2"	0	0.832673337285745	0.506	0.109	0
"SEMA3C"	0	0.83008081422113	0.33	0.01	0
"THY1"	0	0.828679625452704	0.924	0.678	0
"THBS4"	2.84798574971933e-233	0.825403197860272	0.173	0.009	5.98048527583562e-229
"NUCB1"	0	0.821237776912927	0.729	0.344	0
"C1QTNF3"	0	0.812039625614643	0.289	0.008	0
"ATP6V0E1"	0	0.81135972597613	0.863	0.518	0
"GAS6"	0	0.803771637885596	0.72	0.472	0
"CPXM1"	0	0.802814380179444	0.539	0.191	0
"PLD3"	0	0.802027644557384	0.633	0.212	0
"S100A11"	0	0.799410881165823	0.982	0.913	0
"CILP"	0	0.797274400001641	0.278	0.007	0
"FRMD6"	0	0.793293958400048	0.537	0.115	0
"PRSS23"	7.11420714231542e-251	0.792134377075673	0.5	0.253	1.49391235781482e-246
"TMSB10"	0	0.791439819357162	1	0.997	0
"BICC1"	0	0.788278297271394	0.52	0.075	0
"TTC3"	0	0.786113145588131	0.734	0.387	0
"CD55"	0	0.780800348244751	0.577	0.275	0
"VEGFB"	0	0.777026257522356	0.654	0.313	0
"GPX8"	0	0.776870705393985	0.51	0.095	0
"CTSB"	0	0.775641364610906	0.649	0.263	0
"CELF2"	0	0.775602599165162	0.479	0.039	0
"ITM2B"	0	0.77556494675333	0.998	0.978	0
"COLEC12"	0	0.77536798664086	0.415	0.008	0
"KDELR3"	0	0.774716412834266	0.434	0.072	0
"KDELR2"	0	0.772955660259333	0.78	0.5	0
"PLAGL1"	0	0.77158712256279	0.533	0.152	0
"LSP1"	0	0.771413813614955	0.51	0.118	0
"FMOD"	0	0.770733678388985	0.569	0.151	0
"HMOX1"	1.16425734186931e-250	0.769940826704752	0.388	0.149	2.44482399219136e-246
"SCARA5"	0	0.768739395860917	0.31	0.006	0
"DAB2"	0	0.76526301887284	0.708	0.303	0
"TSPAN4"	0	0.758830466374327	0.73	0.359	0
"F10"	0	0.757220245105993	0.484	0.221	0
"TMED3"	0	0.755192169821863	0.588	0.193	0
"GXYLT2"	0	0.754343327902053	0.409	0.013	0
"NFIX"	0	0.742641665634482	0.626	0.229	0
"PLXDC2"	0	0.739853259517352	0.393	0.011	0
"GRN"	0	0.735468079254348	0.687	0.342	0
"COL16A1"	0	0.733003622518751	0.469	0.174	0
"ADAM12"	1.45467245199893e-203	0.732710146625252	0.207	0.042	3.05466668195255e-199
"PTGS2"	0	0.73027948244682	0.298	0.035	0
"QPCT"	0	0.726574090713931	0.373	0.023	0
"PAM"	0	0.725202928839126	0.541	0.151	0
"TXNIP"	0	0.723325180657379	0.776	0.531	0
"GPC3"	0	0.719744337921164	0.252	0.027	0
"OSTC"	0	0.717489340185977	0.82	0.541	0
"EMP3"	0	0.716721144754469	0.884	0.625	0
"FAM180B"	0	0.714882911220923	0.303	0.004	0
"PIGT"	0	0.714524214350567	0.565	0.203	0
"ZFP36L2"	0	0.710548248451424	0.915	0.851	0
"SRPX"	0	0.710399051041379	0.546	0.234	0
"HEXA"	0	0.707204639585636	0.523	0.121	0
"APCDD1"	2.50067561862585e-53	0.706958946839123	0.315	0.224	5.25116873155243e-49
"ARL4C"	0	0.706409757709772	0.359	0.088	0
"CPQ"	0	0.696806898359944	0.622	0.232	0
"IGFBP3"	1.52226535233077e-186	0.696366827906035	0.212	0.05	3.19660501335939e-182
"COL11A1"	4.4383353328756e-238	0.6957213878707	0.167	0.005	9.32006036550548e-234
"ZBTB20"	0	0.694280816173929	0.849	0.6	0
"P4HA2"	0	0.693050168986583	0.407	0.085	0
"BRI3"	0	0.68934434595316	0.888	0.676	0
"LGALS3"	0	0.684631331801624	0.992	0.968	0
"LTBP1"	0	0.682992755965869	0.449	0.113	0
"MGST1"	0	0.681573204591617	0.306	0.01	0
"TSPO"	0	0.6773725845685	0.903	0.702	0
"SERPING1"	0	0.676737882627029	0.921	0.816	0
"CREB3L1"	0	0.67323769124527	0.462	0.092	0
"FAM114A1"	0	0.668976583670857	0.578	0.192	0
"NEGR1"	0	0.666520005459538	0.39	0.058	0
"EMP1"	0	0.666076988472739	0.789	0.512	0
"JTB"	0	0.665219804268186	0.769	0.487	0
"AKR1C1"	0	0.66465918148363	0.354	0.049	0
"PRNP"	0	0.663197190873087	0.751	0.414	0
"SVEP1"	0	0.662258743596289	0.305	0.011	0
"LRRN4CL"	0	0.660970355663604	0.365	0.015	0
"RRBP1"	0	0.659635023014724	0.774	0.515	0
"CHPF"	0	0.659519182219268	0.372	0.084	0
"LAMA2"	0	0.659367691788341	0.388	0.017	0
"FTL"	0	0.658127547074719	1	1	0
"CD47"	0	0.65026050964508	0.595	0.237	0
"TNFSF10"	0	0.645311154960181	0.365	0.026	0
"CORIN"	0	0.64520005523408	0.29	0.011	0
"DKK2"	0	0.645006055692389	0.316	0.005	0
"SPON1"	0	0.640125598266843	0.359	0.016	0
"CD34"	0	0.636990104343012	0.322	0.013	0
"CTSF"	0	0.636195035192845	0.564	0.235	0
"C7"	3.23552645237899e-145	0.635745983569689	0.126	0.014	6.79428199735064e-141
"ENPP2"	0	0.634925573791494	0.328	0.015	0
"LRRC15"	0	0.632944206191237	0.29	0.007	0
"OST4"	0	0.627435458897844	0.901	0.736	0
"CALU"	0	0.627335774942874	0.75	0.47	0
"LGALS1"	0	0.625877442477536	0.998	0.999	0
"ATRAID"	0	0.625251736690077	0.772	0.466	0
"BASP1"	2.80769152277413e-266	0.624891282344531	0.63	0.365	5.89587142867339e-262
"RCN1"	0	0.624757915879665	0.641	0.327	0
"MEG8"	0	0.622400990728887	0.351	0.027	0
"TMEM176A"	0	0.622224624685495	0.663	0.353	0
"CLEC3B"	7.0518677955422e-195	0.62187755377467	0.337	0.146	1.48082171838591e-190
"CYB5A"	0	0.619284597960154	0.626	0.298	0
"CKAP4"	0	0.618323973791335	0.516	0.214	0
"GOLM1"	0	0.613435340909137	0.368	0.06	0
"FIBIN"	0	0.610507556743291	0.301	0.006	0
"TMEM98"	0	0.609020532458786	0.545	0.166	0
"CAPG"	0	0.603496456612282	0.346	0.024	0
"LMAN1"	0	0.603198600955981	0.695	0.38	0
"PDLIM2"	0	0.60148066217366	0.823	0.532	0
"PRDX5"	0	0.599203358459578	0.854	0.606	0
"TMEM45A"	0	0.598533896149338	0.386	0.077	0
"GLT8D2"	0	0.593979836121636	0.517	0.152	0
"CLMP"	0	0.590348702180788	0.372	0.006	0
"CYP1B1"	7.64478388356008e-189	0.584031496061169	0.372	0.164	1.60532816770878e-184
"IFI6"	2.64783423040118e-250	0.583123205995865	0.499	0.246	5.56018710041945e-246
"IGFBP4"	6.76663020952053e-85	0.579019867345379	0.931	0.898	1.42092467769722e-80
"PDPN"	0	0.578028588776533	0.305	0.004	0
"ADAMTS2"	0	0.577666882397232	0.412	0.13	0
"DAD1"	0	0.577377028466562	0.897	0.677	0
"EMID1"	0	0.576971826582421	0.307	0.023	0
"MAN1A1"	0	0.576535222879693	0.514	0.175	0
"ARPC1B"	0	0.575243398951442	0.603	0.33	0
"LAMP1"	0	0.573323234436844	0.675	0.349	0
"HMCN1"	0	0.571156259248873	0.297	0.007	0
"TMED10"	0	0.569715903632257	0.67	0.341	0
"SSPN"	0	0.567658270610273	0.594	0.289	0
"COL14A1"	7.91544017864858e-68	0.567153280888284	0.663	0.619	1.66216328311441e-63
"CSTB"	0	0.567089945956682	0.713	0.418	0
"SERPINH1"	4.48399685025066e-205	0.565216355986883	0.805	0.679	9.41594498584135e-201
"LOXL1"	0	0.564318098871471	0.374	0.093	0
"NNMT"	0	0.563923985694626	0.952	0.837	0
"PIK3R1"	6.83235081865362e-304	0.560513708137062	0.583	0.303	1.43472534840907e-299
"ACKR3"	9.02107225968747e-159	0.555689301023069	0.31	0.131	1.89433496381177e-154
"SNED1"	0	0.55562595695116	0.368	0.085	0
"SLIT2"	0	0.554373947914786	0.303	0.026	0
"DPYSL3"	0	0.549071714366923	0.38	0.046	0
"MEGF6"	0	0.548097175257423	0.287	0.007	0
"VIM"	0	0.54778195562461	1	1	0
"PLPP3"	5.62089047929687e-120	0.547430089982458	0.759	0.669	1.18033079174755e-115
"OS9"	0	0.546368175797461	0.602	0.274	0
"PTGFR"	0	0.546243158130296	0.299	0.01	0
"P3H3"	0	0.544397422677673	0.373	0.065	0
"TMBIM4"	0	0.541894023727704	0.737	0.411	0
"ITGB5"	0	0.54182357531464	0.533	0.253	0
"CTSD"	2.48385943728777e-230	0.536496926857628	0.717	0.506	5.21585643236058e-226
"ALDH1A1"	0	0.535774166536644	0.269	0.014	0
"CYBA"	0	0.535087849838492	0.852	0.59	0
"BDKRB1"	2.26267720512733e-211	0.534332803221099	0.152	0.005	4.75139586304689e-207
"CD9"	9.41510874377078e-23	0.532960262877687	0.679	0.686	1.97707868510443e-18
"AL078639.1"	0	0.532540518863894	0.371	0.061	0
"OAF"	4.57342702249356e-257	0.532315026890904	0.485	0.238	9.60373940453422e-253
"TMEM258"	0	0.530950924785052	0.829	0.562	0
"MAFB"	2.14640547426169e-227	0.530553288080129	0.77	0.545	4.50723685540212e-223
"DDOST"	0	0.530503229055159	0.547	0.237	0
"PYCR1"	0	0.528862988327856	0.312	0.029	0
"C1QTNF6"	4.97936808238485e-297	0.527754801615051	0.298	0.066	1.04561750362e-292
"SEPT11"	2.17946871622906e-189	0.527124878837167	0.689	0.491	4.5766663572094e-185
"CD81"	0	0.525729769670026	0.995	0.985	0
"IFI27L2"	0	0.524651513464848	0.68	0.383	0
"KDELR1"	0	0.524549123774699	0.798	0.522	0
"FSCN1"	0	0.524062906544104	0.472	0.153	0
"GPX4"	0	0.523454433926314	0.966	0.9	0
"RECK"	0	0.521612389298509	0.343	0.048	0
"GFRA1"	0	0.520701717235155	0.356	0.067	0
"SDF4"	0	0.519879674338993	0.608	0.288	0
"METRNL"	4.63989235587491e-305	0.518981153909491	0.579	0.295	9.74330995810173e-301
"HDLBP"	0	0.517346173526763	0.696	0.423	0
"SSC5D"	0	0.515712541778099	0.313	0.041	0
"LRPAP1"	0	0.515254958183787	0.669	0.378	0
"TP53I13"	0	0.515070348854596	0.439	0.112	0
"CHID1"	0	0.513512964934498	0.48	0.175	0
"TCF4"	1.29091012501235e-204	0.513329791880233	0.832	0.66	2.71078217151344e-200
"VAT1"	0	0.512325288725513	0.425	0.135	0
"HSBP1"	0	0.511824682844728	0.697	0.376	0
"MIR99AHG"	0	0.51020762602626	0.325	0.027	0
"PMP22"	3.67151923069085e-297	0.508814045534805	0.888	0.723	7.70982323252772e-293
"LPAR1"	0	0.508350066370781	0.339	0.019	0
"TMEM167A"	0	0.508169006390543	0.49	0.175	0
"APP"	0	0.508116021578225	0.709	0.448	0
"PERP"	0	0.508070600864076	0.344	0.089	0
"AKR7A2"	3.01477713045827e-301	0.505779060278935	0.484	0.213	6.33073049624932e-297
"SNAI1"	7.9708324135252e-180	0.505093984141762	0.412	0.205	1.67379509851616e-175
"RAMP2"	0	0.504568389501597	0.267	0.034	0
"GLT8D1"	0	0.50379131111522	0.428	0.113	0
"CD74"	2.51511898692413e-91	0.503664900740991	0.164	0.061	5.28149836064199e-87
"C15orf61"	0	0.502458482529091	0.421	0.112	0
"XG"	0	0.501716067392078	0.313	0.026	0
"AKR1C3"	0	0.501486937940457	0.388	0.104	0
"F2R"	4.16726411351996e-251	0.499651072015716	0.355	0.124	8.75083791198056e-247
"CRNDE"	0	0.499391211957924	0.418	0.092	0
"EID1"	0	0.49885023432063	0.972	0.887	0
"CNTN1"	0	0.498202688712154	0.305	0.015	0
"LAPTM4A"	0	0.49783929553474	0.994	0.967	0
"PHLDA3"	1.72940469047565e-272	0.497595614343926	0.43	0.178	3.63157690952983e-268
"PLPP1"	7.03690684856662e-276	0.497440583646339	0.603	0.329	1.47768006913051e-271
"FAM3C"	0	0.497103443599703	0.609	0.32	0
"TRAM1"	0	0.496267932980333	0.638	0.321	0
"NOV"	1.2904104455441e-204	0.496129988149568	0.169	0.017	2.70973289459806e-200
"RALA"	0	0.49197444526591	0.485	0.204	0
"NFIC"	0	0.491908190542217	0.753	0.474	0
"KIAA0930"	0	0.491569688654017	0.364	0.059	0
"KRTCAP2"	0	0.490851793411604	0.693	0.407	0
"PLSCR4"	0	0.490609850505032	0.411	0.132	0
"ABCA6"	0	0.488468420353017	0.298	0.023	0
"HEXB"	0	0.488201413412624	0.465	0.174	0
"PHPT1"	1.28318447306777e-304	0.487368606059622	0.837	0.623	2.69455907499502e-300
"GAS7"	0	0.486695859378154	0.301	0.007	0
"DNM1"	0	0.484678451938288	0.32	0.012	0
"TGFBR3"	0	0.482704499441681	0.394	0.125	0
"PLEKHH2"	2.08435383241251e-249	0.482150323631697	0.351	0.122	4.37693461268303e-245
"NUPR1"	2.32802304703542e-200	0.479308299358719	0.86	0.736	4.88861559646967e-196
"KRT10"	4.14274222856403e-267	0.477091023164233	0.829	0.624	8.69934440576161e-263
"P3H1"	0	0.476919845790894	0.369	0.1	0
"DCLK1"	3.01583281927286e-282	0.476365395082216	0.452	0.19	6.33294733719107e-278
"TSPAN13"	3.62042733408954e-286	0.475695468123653	0.235	0.028	7.60253535885462e-282
"ANXA4"	0	0.475529205982021	0.487	0.202	0
"SCPEP1"	4.02786760463762e-237	0.475023285390896	0.518	0.282	8.45811918297854e-233
"GREM1"	6.78020629934577e-297	0.473744251290485	0.218	0.014	1.42377552079962e-292
"ANTXR1"	2.27230021029781e-293	0.473185884843705	0.455	0.186	4.77160321160438e-289
"FAM198B"	0	0.473150645816154	0.324	0.045	0
"SH3D19"	0	0.472880607098038	0.377	0.079	0
"C12orf75"	2.97305949114494e-267	0.472151921507831	0.362	0.117	6.24312762545526e-263
"NENF"	0	0.471484390376717	0.852	0.618	0
"PTX3"	3.68443784693858e-196	0.469110742490542	0.175	0.022	7.73695103478632e-192
"ID1"	6.34164415582301e-11	0.467898109976925	0.738	0.741	1.33168185628127e-06
"SSR2"	0	0.464808080434341	0.908	0.766	0
"CTSA"	2.07580392398645e-241	0.461091571590555	0.46	0.221	4.35898065997915e-237
"NDFIP1"	9.2988918417014e-260	0.460636886944468	0.671	0.425	1.95267429783888e-255
"STEAP1"	0	0.460558957928903	0.264	0.007	0
"ZNF106"	9.72486228259652e-260	0.460253915688518	0.509	0.249	2.04212383072244e-255
"FKBP7"	1.22582146099626e-296	0.459930670793725	0.452	0.183	2.57410248594604e-292
"AQP1"	2.00773230067639e-53	0.459650658111756	0.221	0.137	4.21603705819036e-49
"RPN2"	5.3385597386618e-267	0.459520719533378	0.557	0.293	1.12104415952159e-262
"SLIT3"	7.19848782065525e-190	0.458664106420944	0.677	0.468	1.5116104574594e-185
"DBI"	1.45689776912336e-257	0.458379399272113	0.823	0.617	3.05933962538215e-253
"YIF1A"	8.69374538638009e-232	0.458325614046659	0.477	0.243	1.82559959368596e-227
"PID1"	0	0.458084291124432	0.277	0.007	0
"TMEM59"	0	0.457396838742151	0.936	0.822	0
"SEC61G"	3.21521662271778e-182	0.455917004347382	0.824	0.678	6.75163338604507e-178
"MPZL1"	0	0.453594014877409	0.5	0.19	0
"CES1"	4.0239899891088e-272	0.453551384655027	0.195	0.009	8.44997657812956e-268
"LAMP2"	5.09990304451535e-307	0.453178169392015	0.522	0.239	1.07092864031778e-302
"SULF2"	6.73235310696868e-255	0.450582709391143	0.281	0.069	1.41372682893235e-250
"TYMP"	1.24630479269213e-173	0.449398405491108	0.68	0.484	2.6171154341742e-169
"TNFSF13B"	1.6493777738376e-257	0.44932838587216	0.219	0.027	3.46352838728157e-253
"AGTRAP"	0	0.448619774909912	0.361	0.082	0
"NT5E"	0	0.445522965833494	0.295	0.028	0
"LEPR"	1.23975260219298e-270	0.443347224704553	0.208	0.017	2.60335648934505e-266
"PRCP"	0	0.442216083132529	0.361	0.094	0
"NREP"	4.1619097472718e-108	0.441754438801533	0.301	0.164	8.73959427829606e-104
"LTBP3"	1.74767528591126e-278	0.441245297135262	0.539	0.265	3.66994333288504e-274
"GSTP1"	2.97056828916178e-260	0.439607537244207	0.971	0.924	6.23789635041083e-256
"DPP7"	2.52892418196238e-263	0.43955265705104	0.514	0.254	5.3104878897028e-259
"TMED9"	3.97645503425538e-266	0.439253148653414	0.569	0.303	8.35015792643287e-262
"SLC44A1"	0	0.438981987812685	0.43	0.154	0
"ABHD14A"	0	0.438391715731385	0.354	0.083	0
"PHACTR2"	2.15304922576137e-251	0.438155746021476	0.442	0.194	4.5211880691763e-247
"PTK7"	1.17694152336331e-267	0.437678109431536	0.322	0.093	2.4714595049106e-263
"PDIA3"	3.03544250664138e-252	0.436190612500171	0.837	0.652	6.37412571969622e-248
"MAGED1"	1.68363524049573e-263	0.435514603233399	0.404	0.16	3.53546564151699e-259
"LSAMP"	0	0.435316530535383	0.258	0.003	0
"DHRS3"	3.04702941988173e-221	0.434656049343515	0.258	0.067	6.39845707880965e-217
"FUCA2"	1.45891729781516e-306	0.434435466115591	0.407	0.142	3.06358043368205e-302
"MXRA7"	7.73203434556504e-231	0.434333495375899	0.637	0.396	1.6236498922252e-226
"LAMB1"	5.0283059100973e-261	0.433320209777752	0.396	0.15	1.05589395806133e-256
"TPST1"	0	0.432536011361467	0.38	0.096	0
"GSTM5"	0	0.432412349990341	0.253	0.029	0
"ANGPTL5"	0	0.431791006869877	0.222	0.006	0
"SEC61A1"	1.91472444878572e-275	0.431537927223124	0.415	0.161	4.02072987000512e-271
"ST3GAL4"	0	0.431053721770326	0.344	0.076	0
"GSTM3"	2.4801138759531e-185	0.43074696889428	0.613	0.408	5.20799112811392e-181
"TPBG"	1.44948219640926e-292	0.430032755635139	0.433	0.161	3.04376766423982e-288
"ANPEP"	1.09293910365598e-305	0.430001061550992	0.355	0.1	2.29506282376718e-301
"ASPH"	3.06900840631126e-279	0.429665870117376	0.628	0.345	6.44461075241302e-275
"STMP1"	2.65959461015519e-306	0.428826633639109	0.432	0.159	5.58488272186487e-302
"NAGLU"	4.49187878872984e-304	0.428772227668979	0.365	0.109	9.43249626845379e-300
"AHNAK2"	0	0.427665507270535	0.272	0.021	0
"CDK2AP1"	0	0.423928967464045	0.456	0.179	0
"REXO2"	4.71426926105091e-257	0.423732235036805	0.645	0.382	9.8994940212808e-253
"LMAN2"	2.9065566990657e-259	0.423282464658178	0.532	0.271	6.10347841236805e-255
"AOX1"	1.54677418501433e-298	0.422078708801783	0.231	0.021	3.2480711111116e-294
"SGCD"	0	0.421442625833579	0.279	0.019	0
"SEC62"	9.23540020873765e-282	0.421337855043275	0.848	0.617	1.93934168983282e-277
"ARL1"	2.3404251203598e-284	0.420895537833824	0.533	0.256	4.91465871024355e-280
"AC245595.1"	0	0.420540842883732	0.314	0.062	0
"ITIH5"	4.23871516408676e-82	0.420436418518799	0.426	0.301	8.90087797306579e-78
"SNX9"	1.00760059110224e-287	0.420056469225	0.452	0.184	2.11586048125559e-283
"PXDC1"	8.59924734082691e-181	0.418743471204507	0.599	0.382	1.80575594910024e-176
"COL8A1"	5.37326871458049e-212	0.415462954299218	0.153	0.005	1.12833269737476e-207
"RER1"	9.9283346349214e-268	0.414865434950369	0.569	0.299	2.08485098998714e-263
"BOC"	0	0.414727469673947	0.315	0.058	0
"PDGFD"	0	0.41442278737755	0.224	0.003	0
"TSC22D3"	4.79757937190911e-134	0.414042720620475	0.676	0.522	1.00744369230719e-129
"BHLHE41"	0	0.413900451150488	0.271	0.033	0
"ANXA5"	3.29977014810852e-263	0.413875252806148	0.966	0.893	6.92918733401309e-259
"TMEM208"	4.1003019684099e-240	0.413865993767195	0.435	0.196	8.61022410346395e-236
"CARHSP1"	4.10872875478797e-250	0.413021330000836	0.332	0.107	8.62791951217925e-246
"SURF4"	3.49348776514703e-252	0.412085010124195	0.499	0.243	7.33597495803225e-248
"PTGFRN"	0	0.410906830321085	0.309	0.058	0
"B4GALT1"	1.478726838209e-230	0.410701178006404	0.55	0.296	3.10517848755508e-226
"SSR3"	4.63725837217185e-201	0.409332863458781	0.588	0.357	9.73777885572366e-197
"G0S2"	6.82143794712495e-71	0.409075309898335	0.159	0.069	1.43243375451677e-66
"IFNGR2"	1.01109991441829e-304	0.409037955919553	0.422	0.15	2.12320871028696e-300
"EDIL3"	8.15942373268953e-160	0.408837701513025	0.232	0.076	1.71339738962748e-155
"MCUB"	0	0.407492232294058	0.31	0.045	0
"CMTM3"	2.25135526304976e-299	0.407085422584159	0.376	0.118	4.72762091687818e-295
"BEX3"	6.34060588464028e-221	0.403983463144499	0.696	0.455	1.33146382971561e-216
"EGFR"	1.0495568717014e-261	0.403957952780396	0.34	0.108	2.20396447488576e-257
"LGALS3BP"	2.25480090290176e-129	0.400667819676269	0.616	0.451	4.73485641600341e-125
"FST"	5.87757220007783e-204	0.400498956728763	0.279	0.083	1.23423138629434e-199
"FKBP11"	1.39663337881701e-239	0.400337970718306	0.373	0.143	2.93279043217783e-235
"CHRDL1"	3.05341168908365e-220	0.399209015856719	0.268	0.071	6.41185920590675e-216
"RABAC1"	2.31503013770628e-195	0.399060356490642	0.923	0.826	4.86133178616942e-191
"GYPC"	5.02837875105223e-222	0.397853770681371	0.51	0.264	1.05590925393346e-217
"NFIA"	7.88080176567257e-116	0.397429355126855	0.591	0.439	1.65488956277358e-111
"RGS3"	1.82894555722847e-122	0.397289740554598	0.266	0.121	3.84060277562407e-118
"CRYL1"	0	0.396306310658084	0.323	0.069	0
"PCBD1"	8.02934281347012e-261	0.39617297498291	0.42	0.17	1.68608169740059e-256
"ANKRD35"	0	0.395727954600315	0.266	0.012	0
"TMEM119"	7.03717897099876e-253	0.395717966660832	0.41	0.155	1.47773721212003e-248
"ZFHX4"	0	0.395487497920613	0.24	0.01	0
"TGFBR2"	6.59914448985174e-191	0.395210623494935	0.412	0.2	1.38575435142397e-186
"KCTD12"	8.17364980274246e-162	0.394891650651008	0.481	0.277	1.71638472207789e-157
"SPRY1"	1.36455420156368e-95	0.393606499102563	0.452	0.304	2.86542736786357e-91
"ANK2"	1.30460824212476e-238	0.393325880851858	0.391	0.154	2.73954684763779e-234
"C4orf48"	1.19929609129649e-258	0.393286114459212	0.293	0.075	2.51840186211351e-254
"VIT"	0	0.393017458947526	0.228	0.004	0
"PDIA6"	4.43885986426067e-199	0.392464712178342	0.646	0.416	9.32116182896098e-195
"DST"	1.25450824812496e-175	0.391009945332129	0.636	0.415	2.6343418702376e-171
"ABCA10"	1.98915310991255e-302	0.390601240736123	0.213	0.009	4.17702261550537e-298
"NFKBIA"	3.36705367331445e-52	0.390350696933876	0.961	0.979	7.07047600859302e-48
"NRP2"	8.59638376936389e-249	0.389664149179346	0.257	0.054	1.80515462772872e-244
"ADH5"	3.49399013620143e-197	0.388899530123333	0.527	0.301	7.33702988700939e-193
"HSPA1A"	5.38610079743252e-86	0.388803565339896	0.964	0.966	1.13102730645285e-81
"IGSF10"	0	0.387370567993789	0.214	0.005	0
"AKR1A1"	4.45679204277554e-243	0.387176681874183	0.511	0.254	9.35881761062436e-239
"ALKAL2"	1.19679068966651e-145	0.387043522939943	0.23	0.077	2.5131407692307e-141
"PLAUR"	1.21819605751663e-179	0.386164791716409	0.573	0.342	2.55808990117918e-175
"DIRAS3"	4.42829833722855e-211	0.385295100717655	0.161	0.01	9.29898367834623e-207
"SLC29A1"	7.06533869619825e-252	0.385152761390186	0.241	0.043	1.48365047281467e-247
"CACNB4"	0	0.384116657516679	0.234	0.006	0
"ADM"	4.29010296464178e-81	0.384091348956955	0.533	0.39	9.00878721545127e-77
"ENHO"	1.19826729283998e-248	0.382918904560803	0.174	0.005	2.51624148823468e-244
"MRPS6"	4.01454661713984e-36	0.382836922551203	0.371	0.292	8.43014644133196e-32
"COL6A6"	5.92921073685964e-232	0.380907675156229	0.163	0.005	1.24507496263316e-227
"ERLEC1"	4.75044576395842e-248	0.380611605427158	0.453	0.203	9.97546105973628e-244
"REEP5"	3.69784173566992e-217	0.37922805438011	0.762	0.531	7.76509786073327e-213
"ARHGAP21"	1.7933663458961e-219	0.377351061496396	0.46	0.225	3.76588998974721e-215
"SSR1"	3.42548588746053e-233	0.377139404867494	0.431	0.193	7.19317781507836e-229
"LTBP2"	2.91573872038504e-226	0.377010487194789	0.187	0.019	6.12275973893654e-222
"MMP11"	2.06424490481628e-43	0.376475002803714	0.16	0.09	4.33470787562371e-39
"GAA"	3.38890520425563e-268	0.376156318645292	0.354	0.114	7.1163620384164e-264
"GLG1"	5.22854603440021e-226	0.374086121501932	0.51	0.263	1.0979423817637e-221
"GPAA1"	1.31253402732792e-239	0.373557155076972	0.446	0.2	2.7561902039859e-235
"THBS3"	3.62366131554278e-283	0.372432746045499	0.286	0.06	7.60932639650829e-279
"SPTBN1"	1.0849519220473e-130	0.371444282987175	0.677	0.508	2.27829054110712e-126
"ERGIC1"	1.11892186264728e-279	0.371407813403745	0.37	0.122	2.34962401937303e-275
"POLR2L"	6.6271808126233e-188	0.371329900070002	0.868	0.716	1.39164169884277e-183
"SEMA3B"	1.27835534966736e-199	0.370880168967831	0.208	0.042	2.68441839876648e-195
"PGRMC1"	3.86699179477465e-173	0.370645795201395	0.691	0.486	8.12029606984729e-169
"PRR5"	0	0.370034063785768	0.297	0.052	0
"FLRT2"	1.56332453767481e-300	0.368606568274266	0.248	0.03	3.28282519666334e-296
"PALM"	4.96782873193496e-289	0.368119970305616	0.277	0.052	1.04319435541902e-284
"PLP1"	0	0.367301415819377	0.212	0.006	0
"PDLIM4"	1.08260386969155e-251	0.367089502778899	0.372	0.132	2.27335986596529e-247
"ITGAV"	7.80796378935483e-207	0.36595984269953	0.45	0.221	1.63959431612662e-202
"HSPA6"	2.44832120930549e-31	0.365732756071483	0.22	0.15	5.14122970742059e-27
"RUNX1T1"	3.11876852168715e-205	0.365225706775775	0.382	0.163	6.54910201869084e-201
"CCDC146"	3.09919225948243e-224	0.365218704459658	0.206	0.031	6.50799382568716e-220
"JDP2"	5.22828519244847e-231	0.365150668533602	0.436	0.193	1.09788760756225e-226
"LIMCH1"	6.60074887929602e-281	0.36499957214063	0.214	0.016	1.38609125716337e-276
"ATOX1"	4.65426181114204e-159	0.364604120930149	0.604	0.396	9.77348437721717e-155
"RNASET2"	4.71180597043925e-264	0.364344439816805	0.322	0.093	9.89432135732539e-260
"BDH2"	1.97735526050598e-204	0.362982095501244	0.451	0.225	4.1522483115365e-200
"GTF2H5"	4.2159937286012e-230	0.362882241605563	0.501	0.253	8.85316523068966e-226
"PBX1"	1.58550808227441e-219	0.362721061317	0.393	0.167	3.32940842196804e-215
"CASC4"	2.84509245706619e-208	0.362291648408918	0.472	0.24	5.97440965059329e-204
"CALM3"	5.49352063149596e-192	0.361875003548644	0.546	0.318	1.15358439740784e-187
"LAMTOR1"	3.37844419611947e-227	0.36172007860942	0.633	0.372	7.09439496743128e-223
"NOTCH2"	1.19839212432261e-268	0.360730530925645	0.327	0.094	2.51650362186506e-264
"FYN"	1.65955253426265e-220	0.360664719525602	0.417	0.183	3.48489436669814e-216
"UBE2E3"	2.54748101952568e-239	0.360426155963656	0.471	0.22	5.34945539290198e-235
"FKBP2"	1.94077795859802e-203	0.359203636452919	0.648	0.41	4.07543963525997e-199
"LIMA1"	1.69482493312175e-197	0.358668534032433	0.716	0.484	3.55896287706236e-193
"APOC1"	3.2772964862248e-49	0.357459712759902	0.171	0.095	6.88199489142345e-45
"WWTR1"	1.13531384197797e-180	0.357423671604233	0.493	0.273	2.38404553676955e-176
"TAF10"	3.47210601450779e-247	0.35729393471629	0.42	0.175	7.29107541986492e-243
"COL6A5"	5.89240839119132e-135	0.357008855060947	0.101	0.004	1.23734683806626e-130
"RNH1"	2.69837904154873e-152	0.356712180780548	0.82	0.665	5.66632614934819e-148
"ELANE"	1.1688553302572e-183	0.356312227447403	0.147	0.012	2.4544793080071e-179
"JAM2"	0	0.355830452899348	0.229	0.016	0
"KREMEN1"	3.16105754341005e-301	0.355644145263255	0.259	0.036	6.63790473540676e-297
"TMEM9"	1.39548580235693e-266	0.355528396997242	0.355	0.115	2.93038063636932e-262
"FKBP14"	2.40598641762165e-224	0.354572938859733	0.397	0.165	5.05233087836371e-220
"TMEM243"	1.01987591844457e-272	0.354419693828327	0.359	0.113	2.14163744114176e-268
"TCF7L2"	7.54883435450044e-171	0.353088486161235	0.485	0.273	1.58517972610155e-166
"SEC31A"	1.74483011851551e-189	0.352260046544308	0.599	0.368	3.66396876587071e-185
"DNM3OS"	5.32668160509068e-239	0.350805334842639	0.234	0.042	1.11854987025299e-234
"MATN4"	4.10357678398297e-152	0.350773973608308	0.108	0.002	8.61710088868583e-148
"TCF12"	2.62361958909188e-238	0.349231129991921	0.362	0.134	5.50933877513403e-234
"LMF2"	1.38101327688557e-237	0.348780013382851	0.383	0.149	2.89998978013201e-233
"SIL1"	1.86805498416743e-260	0.348176134946374	0.332	0.099	3.92272866125318e-256
"IRX5"	3.13505427350136e-263	0.347649478052521	0.255	0.047	6.5833004689255e-259
"APRT"	5.8782165934789e-174	0.345570704738965	0.718	0.5	1.23436670246463e-169
"CGREF1"	0	0.345140698563139	0.214	0.008	0
"SLC2A4RG"	3.06272154830225e-203	0.345122994461546	0.501	0.268	6.43140897927989e-199
"AKR1C2"	6.11700715454345e-278	0.344489927940644	0.231	0.026	1.28451033238258e-273
"TRIOBP"	7.0088862192695e-221	0.344094164868046	0.37	0.148	1.4717960171844e-216
"HLA-DRA"	9.68408648576171e-60	0.343841953791885	0.141	0.062	2.0335613211451e-55
"HLA-DRB1"	9.49937249449665e-80	0.342332833845016	0.12	0.037	1.99477323011935e-75
"SEC61B"	2.06811673654115e-161	0.342042728295725	0.888	0.769	4.34283833506277e-157
"GSTO1"	1.51836525387404e-191	0.341927229260565	0.522	0.293	3.18841519661009e-187
"HSPA1B"	2.94114125543409e-56	0.34173857736659	0.856	0.838	6.17610252228604e-52
"APH1A"	2.52930014852852e-251	0.340290712714961	0.375	0.136	5.31127738189503e-247
"COL8A2"	5.44254455521336e-293	0.340192986238517	0.209	0.01	1.14287993114925e-288
"ACKR4"	1.26248693817537e-206	0.340109578744086	0.181	0.022	2.65109632147446e-202
"CD109"	4.97542053712842e-220	0.33997090325813	0.354	0.135	1.0447885585916e-215
"MSRB2"	5.13646102062174e-220	0.339922314427527	0.388	0.162	1.07860544972036e-215
"FAM229B"	2.89470493434359e-271	0.339663943634558	0.309	0.079	6.07859089162809e-267
"P3H4"	3.25960428642153e-245	0.3386769906457	0.268	0.062	6.84484304105657e-241
"SMIM14"	1.34075436318025e-216	0.338145458778258	0.416	0.184	2.81545008724221e-212
"PPL"	1.69288787895631e-290	0.337176447027804	0.2	0.006	3.55489525702036e-286
"PDIA4"	2.84432532841045e-235	0.337134979141875	0.336	0.112	5.9727987571291e-231
"CTGF"	6.52860576168105e-83	0.337089236292885	0.775	0.649	1.3709419238954e-78
"VGLL3"	1.50356299741505e-175	0.336818360260101	0.398	0.192	3.15733193827185e-171
"ITM2C"	3.53835017743648e-132	0.336504598574372	0.508	0.325	7.43018153759886e-128
"MTCH1"	1.19082790231736e-167	0.336457754025757	0.668	0.454	2.50061951207623e-163
"ACVRL1"	8.34567042652895e-194	0.335479784047251	0.35	0.145	1.75250733286681e-189
"NOVA1"	5.29063993048356e-181	0.335039298295287	0.327	0.132	1.11098147900224e-176
"ARF4"	8.68004798588034e-151	0.334646011712708	0.88	0.766	1.82272327655501e-146
"SOD3"	4.33928596338992e-36	0.334227130432181	0.804	0.839	9.1120665945225e-32
"DHRS7"	5.09820262853703e-215	0.334054922292717	0.463	0.225	1.07057156996649e-210
"AP3S1"	1.64063058994806e-190	0.333583100647065	0.545	0.311	3.44516017583194e-186
"UBXN4"	1.14065720096366e-179	0.33335956338617	0.664	0.437	2.3952660563036e-175
"FBLN7"	1.57960144450819e-229	0.333233082627457	0.268	0.069	3.31700507332275e-225
"TMEM43"	6.53895473949708e-212	0.332957462757925	0.36	0.144	1.37311510574699e-207
"BACE2"	2.62546154795405e-209	0.332885052222229	0.345	0.134	5.51320670454871e-205
"UBL3"	1.54112065108069e-175	0.332760780672888	0.526	0.304	3.23619925520434e-171
"C1QTNF4"	4.39766482996555e-190	0.332600519015055	0.169	0.021	9.23465637644466e-186
"TSKU"	2.23920559823119e-258	0.332455994270442	0.264	0.054	4.70210783572567e-254
"YIPF3"	1.70818221537699e-208	0.331983172504757	0.454	0.222	3.58701183407013e-204
"ANG"	3.02082511429626e-274	0.331878686999582	0.252	0.041	6.34343065751071e-270
"MYL12B"	9.38035503738733e-201	0.331042532393753	0.95	0.831	1.96978075430096e-196
"FNDC3B"	5.97413917085546e-172	0.330970076972247	0.465	0.252	1.25450948448794e-167
"FMO1"	1.20599677537709e-208	0.330738799008947	0.16	0.01	2.53247262861435e-204
"KCNQ1OT1"	7.66630965211729e-92	0.330183646251635	0.669	0.502	1.60984836384811e-87
"BGN"	4.25948745143034e-06	0.330144631656348	0.631	0.708	0.0894449769925857
"SVIL"	6.02215757269002e-167	0.329833789353954	0.447	0.237	1.26459286868918e-162
"GPX7"	2.04342797747702e-247	0.329684690396547	0.26	0.056	4.290994409904e-243
"RARRES3"	2.44121499819218e-191	0.329329874434435	0.315	0.119	5.12630737470377e-187
"TSHZ2"	1.51478928603217e-147	0.328474878528967	0.343	0.16	3.18090602173896e-143
"SLC38A10"	4.07860605857596e-224	0.326127847571605	0.301	0.093	8.56466486240365e-220
"TENT5A"	2.46031857272461e-132	0.326013574849437	0.735	0.551	5.1664229708644e-128
"MOXD1"	6.28314302509002e-295	0.325888786875016	0.199	0.004	1.31939720383865e-290
"C2"	4.84362471048782e-180	0.325610756700483	0.244	0.074	1.01711275295534e-175
"PLXDC1"	2.07876802524695e-143	0.32515120931309	0.455	0.255	4.36520497621606e-139
"HM13"	8.39845442537734e-183	0.325003830920114	0.464	0.245	1.76359144478499e-178
"INSIG1"	3.53803037530741e-122	0.324500054324175	0.424	0.247	7.42950998510804e-118
"ATP6V1F"	1.30316104366726e-181	0.324326739102215	0.577	0.347	2.73650787559688e-177
"CYP27A1"	6.72839807076046e-267	0.324246772967971	0.262	0.049	1.41289631087899e-262
"FNDC1"	1.31648042722821e-185	0.323871742106958	0.139	0.007	2.76447724913652e-181
"TMEM179B"	2.27779581190473e-208	0.323577134027914	0.443	0.21	4.78314342541875e-204
"CCPG1"	5.36794482830448e-163	0.322966996859867	0.445	0.241	1.12721473449566e-158
"ASIP"	3.88004862394256e-216	0.322682003105401	0.148	0.002	8.14771410541697e-212
"METTL7A"	3.68127293031586e-186	0.322569892537207	0.319	0.123	7.73030502637027e-182
"BNC2"	8.12758465352802e-290	0.322476035734746	0.199	0.006	1.70671150139435e-285
"ADAM33"	1.88544491221273e-223	0.322363083283547	0.299	0.091	3.95924577115552e-219
"PDE4DIP"	1.80106276488119e-198	0.322328312943985	0.342	0.136	3.78205169997402e-194
"CTSS"	3.49182053157068e-256	0.32202326966669	0.233	0.035	7.33247393424528e-252
"TMA7"	3.75310324430811e-183	0.321991898077922	0.918	0.794	7.8811415027226e-179
"SRGAP1"	5.76145115376389e-203	0.321917693608905	0.335	0.127	1.20984712777888e-198
"TP53I3"	7.66723236619242e-250	0.321778455741745	0.281	0.068	1.61004212457675e-245
"MESD"	2.84290320296272e-203	0.321768131640709	0.411	0.185	5.96981243590141e-199
"P4HA1"	4.30182891142209e-194	0.318896260907189	0.342	0.138	9.03341053109525e-190
"SCARA3"	5.36605613366955e-243	0.318098374906725	0.213	0.028	1.12681812750927e-238
"SLC39A7"	2.66557617329144e-191	0.318093650269168	0.426	0.207	5.59744340629469e-187
"CCBE1"	1.13038533550334e-267	0.317737948345202	0.19	0.008	2.37369616602346e-263
"BLVRB"	4.87343423781077e-161	0.316883770557298	0.483	0.277	1.02337245559788e-156
"SESTD1"	2.22189088962407e-206	0.316134739733644	0.33	0.123	4.66574867912159e-202
"PLBD2"	3.78552466424831e-261	0.31567660509603	0.264	0.053	7.94922324245502e-257
"UCHL1"	6.99704927627788e-236	0.315530501461517	0.179	0.012	1.46931037752559e-231
"TMEM219"	6.66404548922489e-177	0.315454296941594	0.564	0.336	1.39938291228233e-172
"ITGA11"	7.02440228861556e-260	0.315367769309994	0.193	0.011	1.47505423658638e-255
"JMJD1C"	1.89184895489444e-134	0.314638308404539	0.613	0.414	3.97269362038283e-130
"IL33"	1.23623465660824e-234	0.314554678623253	0.173	0.009	2.59596915541163e-230
"SMOC2"	3.46457933349258e-24	0.314390331776312	0.446	0.395	7.27527014240106e-20
"RTN4"	4.14600511673401e-146	0.313786675217662	0.918	0.821	8.70619614462975e-142
"DAP"	4.9641982864056e-192	0.31361016281888	0.368	0.16	1.04243199816231e-187
"BMP1"	1.11916152724492e-124	0.313358422136281	0.369	0.203	2.3501272910616e-120
"ADAMTSL4"	5.52423577421321e-267	0.312850834164959	0.203	0.015	1.16003427022703e-262
"CLIC2"	4.79614188764635e-251	0.312563889991305	0.221	0.029	1.00714183498686e-246
"SELENOF"	1.07464519544731e-172	0.312047328790892	0.732	0.511	2.25664744591981e-168
"RAB32"	5.40315999301573e-209	0.312037679307939	0.324	0.117	1.13460956693337e-204
"PLOD1"	2.86130741302438e-194	0.311954373530734	0.298	0.104	6.00845943660989e-190
"B4GALT2"	3.14796441377848e-212	0.311524438521329	0.297	0.095	6.61041047249342e-208
"TMEM230"	2.64722849457252e-171	0.311376950240498	0.657	0.432	5.55891511575284e-167
"RAI2"	9.71282730109017e-259	0.310366325386778	0.248	0.043	2.03959660495592e-254
"CHPT1"	1.47330712928937e-223	0.309024625892933	0.328	0.112	3.09379764079475e-219
"RNF19A"	3.24575096644561e-170	0.308889488251628	0.355	0.161	6.81575245443914e-166
"GUSB"	9.042289936704e-181	0.307021004652635	0.386	0.18	1.89879046380847e-176
"APLP2"	9.75480407943988e-136	0.306438833972102	0.619	0.421	2.04841130864158e-131
"CP"	5.5626094450056e-180	0.306264497438107	0.174	0.027	1.16809235735673e-175
"TNFAIP2"	1.31940063350716e-103	0.306237628359905	0.551	0.378	2.77060939030169e-99
"SRM"	1.13914313828188e-131	0.306151907287287	0.484	0.298	2.39208667607812e-127
"DDAH2"	4.41137952600993e-117	0.306137302850342	0.75	0.607	9.26345586666825e-113
"SDC1"	1.92343984398642e-197	0.305906905009378	0.153	0.01	4.03903132838707e-193
"HEBP2"	7.10311216701054e-180	0.305859681545343	0.441	0.224	1.49158252395054e-175
"ABCA9"	2.20073208878259e-261	0.305698308989542	0.183	0.006	4.62131731323457e-257
"ACBD3"	8.97629040186577e-188	0.305648789666533	0.392	0.178	1.88493122148779e-183
"ZNHIT1"	2.86913699817444e-152	0.305054960219768	0.675	0.462	6.02490078246651e-148
"RGS10"	2.14821397116632e-203	0.304559483236399	0.35	0.138	4.51103451805215e-199
"COX6C"	8.45980727689813e-86	0.304152847868808	0.953	0.909	1.77647493007584e-81
"TCEA3"	1.94400385694299e-216	0.30296813712009	0.276	0.079	4.08221369919459e-212
"DECR1"	1.84020997768389e-185	0.30261118730941	0.392	0.181	3.8642569321384e-181
"LRP10"	8.96219183882786e-168	0.302466461171666	0.458	0.245	1.88197066423546e-163
"RFNG"	1.97161503109285e-200	0.302379232356097	0.349	0.14	4.14019440379188e-196
"AKAP9"	1.52961505861891e-149	0.302107403822804	0.511	0.3	3.21203866159384e-145
"DPP4"	3.70060991134314e-230	0.302042020512658	0.156	0.001	7.77091075282945e-226
"ISOC2"	4.8823991698817e-140	0.301452300632711	0.422	0.236	1.02525500168346e-135
"GRINA"	5.35836960863602e-182	0.301065012188927	0.374	0.168	1.12520403411748e-177
"IKBIP"	1.19750240782966e-173	0.300978404558551	0.357	0.16	2.5146353062015e-169
"YIPF2"	1.3009032847542e-219	0.300842684650849	0.299	0.094	2.73176680765534e-215
"LHFPL2"	3.70941223207482e-223	0.3008135825672	0.251	0.06	7.78939474613392e-219
"CHST12"	2.52224415515352e-225	0.299730478706652	0.302	0.092	5.29646050140688e-221
"GOPC"	1.09752269386526e-168	0.298825461050482	0.415	0.211	2.30468790484767e-164
"TRPS1"	2.05202065250081e-132	0.298639331157519	0.324	0.159	4.30903816818645e-128
"CRLF1"	6.97955406395683e-150	0.29764227606088	0.143	0.021	1.46563655789029e-145
"PTGIS"	2.63806366453865e-243	0.297406069526527	0.167	0.003	5.53966988916471e-239
"SAR1A"	4.93772753891768e-145	0.297364050755818	0.554	0.352	1.03687340589732e-140
"CGNL1"	1.36857143502215e-263	0.297314887290536	0.184	0.006	2.87386315640301e-259
"SH3PXD2B"	4.69231802689919e-200	0.297288756552661	0.249	0.068	9.85339862468561e-196
"PTH1R"	1.51571368993628e-234	0.297209582383552	0.214	0.032	3.18284717749719e-230
"SLC39A13"	5.99029288730403e-190	0.297004220126157	0.325	0.126	1.25790160340497e-185
"BCHE"	4.86141640651161e-222	0.296904690228951	0.152	0.002	1.02084883120337e-217
"DSE"	9.09109587364644e-169	0.29590752546376	0.375	0.175	1.90903922250702e-164
"PIEZO2"	5.37524075319056e-203	0.295511028760558	0.171	0.018	1.12874680576249e-198
"NTAN1"	6.60974963490449e-165	0.295479432091937	0.367	0.175	1.38798132583359e-160
"NPDC1"	1.00070418271906e-132	0.295435558844966	0.312	0.149	2.10137871329175e-128
"HPGD"	3.08384044810284e-197	0.294863515272006	0.146	0.007	6.47575655697115e-193
"HSD3B7"	4.50018633391935e-202	0.294744303317582	0.229	0.053	9.44994128259725e-198
"SFT2D2"	6.23448037933986e-204	0.294200347305291	0.283	0.088	1.30917853485758e-199
"TMCO1"	1.64563346427019e-175	0.293823667209424	0.531	0.298	3.45566571162096e-171
"MYH10"	1.47741771785408e-225	0.293266477417521	0.227	0.043	3.10242946572177e-221
"HEBP1"	2.13390596442948e-181	0.293127464107694	0.436	0.219	4.48098913470546e-177
"SLC5A3"	9.27293725623699e-63	0.292969497430486	0.27	0.165	1.94722409443721e-58
"SUMO3"	5.60692431726775e-156	0.292314154670567	0.512	0.302	1.17739803738305e-151
"UROD"	4.76312765797989e-135	0.29177555834448	0.342	0.171	1.0002091768992e-130
"FZD1"	2.94083266219903e-175	0.291154934263078	0.261	0.087	6.17545450735174e-171
"RARG"	1.4778583271076e-211	0.29112778229114	0.266	0.074	3.10335470109325e-207
"TAX1BP3"	1.79147211186647e-166	0.290460079283253	0.422	0.214	3.76191228770839e-162
"SEC22B"	1.87450895861018e-174	0.290381176755732	0.359	0.162	3.93628136218553e-170
"PPP1R14B"	6.11992915216055e-48	0.289703160826931	0.639	0.546	1.28512392266219e-43
"CD302"	2.11854007519496e-156	0.289411244063861	0.385	0.191	4.44872230390189e-152
"BIN1"	7.42315685357629e-170	0.288700134313584	0.308	0.125	1.55878870768249e-165
"PRRX2"	5.93747320862533e-127	0.287217603150251	0.692	0.501	1.24680999907923e-122
"NDN"	3.4050702645818e-154	0.28718278051422	0.538	0.323	7.15030704859532e-150
"MASP1"	3.20489222863045e-226	0.286251770121366	0.16	0.005	6.72995319090109e-222
"LRIG3"	1.46073708053725e-229	0.285511567683728	0.228	0.042	3.06740179542017e-225
"CTSL"	5.98690395071733e-130	0.285000211727767	0.731	0.55	1.25718996061113e-125
"ISM1"	3.47283613573236e-242	0.284513996377085	0.165	0.003	7.29260860142438e-238
"ZNF706"	1.01319259789345e-149	0.284429471313408	0.612	0.394	2.12760313631645e-145
"ERCC1"	2.42365137686137e-161	0.283562211341017	0.405	0.207	5.0894255262712e-157
"IL1R1"	1.37715452820322e-125	0.282465541701757	0.492	0.299	2.89188679377394e-121
"PTGES"	4.49477046827951e-184	0.282206420295264	0.314	0.115	9.43856850634014e-180
"SNHG8"	2.27804589520143e-55	0.281017781176103	0.816	0.749	4.78366857533348e-51
"SNX21"	4.36689202947435e-168	0.280761131527684	0.324	0.138	9.17003657269318e-164
"HCFC1R1"	2.1573326246551e-109	0.28056062872755	0.648	0.476	4.53018277851325e-105
"TFDP2"	2.49795538646449e-152	0.280296869927137	0.328	0.148	5.24545651603678e-148
"UQCR10"	7.69307954471969e-121	0.279332789463676	0.623	0.434	1.61546977359569e-116
"IGDCC4"	7.77119428339937e-277	0.27910948930706	0.188	0.004	1.63187308757103e-272
"GOLGA2"	5.68228970062583e-159	0.278981160727228	0.378	0.185	1.19322401423442e-154
"QSOX1"	1.443427601604e-199	0.278715010792678	0.278	0.087	3.03105362060824e-195
"PLPP5"	2.20624909606239e-191	0.278172142602195	0.231	0.059	4.63290247682142e-187
"LSM7"	3.72372453741266e-130	0.278125990916566	0.653	0.459	7.81944915611285e-126
"SPPL2A"	1.01434021076365e-149	0.277565552034476	0.427	0.23	2.13001300858258e-145
"SLITRK4"	5.88774546396798e-235	0.277518163814782	0.173	0.009	1.23636766997864e-230
"OLFML1"	6.83551735065332e-180	0.277158328003997	0.286	0.102	1.43539028846369e-175
"ATP5MF"	1.71229458231517e-138	0.276827817326135	0.653	0.442	3.59564739340362e-134
"MYCBP2"	1.02100968452801e-81	0.276487587331438	0.47	0.328	2.14401823654037e-77
"FAM118A"	6.44747826097983e-149	0.276377769714142	0.267	0.105	1.35390596002315e-144
"ECM2"	1.87441586536501e-134	0.276249905563967	0.432	0.243	3.93608587567999e-130
"ANTXR2"	2.58326699147488e-161	0.27618197140154	0.264	0.096	5.42460235539809e-157
"LRP3"	2.57310738929633e-181	0.276004074899987	0.296	0.109	5.40326820678336e-177
"TCEAL8"	3.80561519567266e-156	0.275913936923493	0.42	0.218	7.99141134939303e-152
"CD68"	1.28917741013864e-157	0.275865170622353	0.223	0.068	2.70714364355014e-153
"MAF"	1.14084982424954e-111	0.275702824589474	0.39	0.224	2.39567054594161e-107
"RPS27L"	9.91467175580217e-82	0.275267512953997	0.757	0.616	2.0819819220009e-77
"HSP90B1"	1.00434399442302e-106	0.274927062739728	0.914	0.83	2.1090219538889e-102
"TXNDC15"	1.58162186009519e-164	0.274417104144653	0.405	0.202	3.32124774401389e-160
"CPVL"	4.94111066150923e-196	0.274239726327699	0.139	0.003	1.03758382781032e-191
"TUBB"	3.51406540812962e-120	0.274172129024216	0.906	0.801	7.3791859505314e-116
"WIPF1"	4.19318942181527e-183	0.274002928741139	0.31	0.118	8.80527846686989e-179
"SCAMP2"	6.27370653618208e-224	0.273825824806895	0.241	0.052	1.31741563553287e-219
"CDON"	1.70339575172685e-241	0.27378522469804	0.185	0.013	3.57696073905121e-237
"ETFB"	1.48580683233557e-129	0.273362280001342	0.522	0.33	3.12004576722147e-125
"DRAM1"	7.71119492601241e-190	0.272854909594938	0.209	0.045	1.61927382251335e-185
"COMMD3"	6.0602458580998e-179	0.272810671360254	0.34	0.142	1.27259102774238e-174
"ARAP1"	4.53911585537236e-226	0.272756570558027	0.212	0.034	9.53168938469641e-222
"CDC42EP5"	2.76614234296727e-147	0.272484292451533	0.479	0.27	5.80862230599698e-143
"MXD4"	9.35918152959533e-132	0.272349067935977	0.504	0.31	1.96533452939972e-127
"CYR61"	3.3462515343263e-36	0.272305978798002	0.861	0.805	7.02679359693179e-32
"ARL2BP"	1.64865827469772e-154	0.271576462549951	0.363	0.175	3.46201751103774e-150
"ST3GAL5"	1.76373810261806e-230	0.271548367732056	0.18	0.014	3.70367364168767e-226
"DNAJC15"	1.6731938502718e-150	0.271372221638656	0.494	0.283	3.51353976618574e-146
"ACAA2"	4.74636972882144e-204	0.271352937266826	0.256	0.07	9.96690179355214e-200
"LARP6"	3.43752618792655e-155	0.270994609397339	0.345	0.159	7.21846124202696e-151
"KAZALD1"	4.10143062756969e-176	0.270767656067689	0.232	0.066	8.6125941748336e-172
"PLBD1"	1.06149089312351e-184	0.270654000555162	0.187	0.034	2.22902472647006e-180
"MVP"	8.14923993904683e-153	0.27052973858211	0.369	0.18	1.71125889480044e-148
"DNAJC1"	4.44826130941146e-161	0.269659160227529	0.375	0.18	9.34090392363312e-157
"SMIM19"	1.93307636875264e-154	0.269496091953633	0.407	0.209	4.05926706674367e-150
"RIN2"	1.22552480106891e-155	0.269477121003849	0.254	0.091	2.5734795297646e-151
"AGTR1"	3.43086388970956e-145	0.269056338090916	0.267	0.104	7.2044710820011e-141
"PDZRN3"	6.21514992937803e-192	0.268824346210654	0.238	0.063	1.30511933367009e-187
"MPP6"	7.14887454087452e-246	0.26799386255672	0.184	0.011	1.50119216483824e-241
"HOMER3"	3.73083720964875e-165	0.267890475671058	0.272	0.1	7.8343850565414e-161
"SMARCA2"	1.98336655652404e-142	0.267830632533956	0.379	0.194	4.16487143204482e-138
"CMBL"	1.91173040006629e-228	0.267718025188754	0.211	0.032	4.0144426670992e-224
"TWF2"	2.22658021063562e-163	0.266932024173864	0.352	0.159	4.67559578431374e-159
"PCDH7"	6.9526055107049e-221	0.266782691283213	0.175	0.014	1.45997763119292e-216
"ERP29"	9.45547629764795e-131	0.266678826510488	0.625	0.422	1.98555546774309e-126
"CEP126"	8.08721849877011e-187	0.26664404685266	0.219	0.052	1.69823501255674e-182
"MITF"	1.41282005849716e-136	0.266591258567292	0.28	0.12	2.96678084083818e-132
"MME"	2.28977961090455e-167	0.266587418536765	0.156	0.022	4.80830820493846e-163
"RETREG1"	3.91154318562955e-192	0.266164124552612	0.227	0.054	8.21384953550349e-188
"AHNAK"	3.50178252083667e-83	0.2659543137186	0.933	0.893	7.35339311550492e-79
"ZDHHC9"	2.07040234023835e-213	0.264555954771599	0.24	0.055	4.34763787426652e-209
"SEC23A"	6.17884848616876e-136	0.264055156086585	0.34	0.169	1.29749639361058e-131
"COPE"	6.67669994511217e-121	0.263677166969485	0.674	0.485	1.40204022147411e-116
"PAPPA"	5.36339730596039e-169	0.263585986949933	0.172	0.03	1.12625980027862e-164
"GABARAP"	1.62097878973357e-142	0.263405913493682	0.402	0.214	3.40389336056151e-138
"PGM3"	1.1532406538677e-176	0.262898105970418	0.267	0.09	2.42169004905677e-172
"PYCARD"	3.93148857772729e-167	0.262681740537258	0.277	0.102	8.25573286436954e-163
"C8orf59"	2.53577932109698e-131	0.262327924458943	0.62	0.412	5.32488299637155e-127
"SYNE1"	3.49123688626035e-107	0.262278668408077	0.45	0.279	7.33124833745811e-103
"CDC26"	5.61778591770368e-164	0.262059533025474	0.365	0.169	1.1796788648586e-159
"SCARB2"	3.65754948884484e-125	0.262045491357686	0.467	0.282	7.68048817162528e-121
"CREG1"	3.503501771418e-123	0.262026832553975	0.37	0.202	7.35700336980066e-119
"CILP2"	1.64842881754185e-134	0.261998498594473	0.11	0.008	3.46153567395613e-130
"STK17B"	5.64812701646209e-138	0.261795329450979	0.302	0.134	1.18605019218687e-133
"AKR1B1"	5.05117076145262e-183	0.261756872825062	0.275	0.092	1.06069534819744e-178
"RAI14"	4.55308599363865e-175	0.26171070299309	0.216	0.055	9.5610252780418e-171
"PDIA5"	6.8087198260736e-196	0.261614393381788	0.228	0.055	1.42976307627719e-191
"SPATS2L"	5.35204370528758e-76	0.261565865572453	0.59	0.447	1.12387565767334e-71
"RNF217"	5.02950099405737e-159	0.261496487825951	0.231	0.072	1.05614491374211e-154
"YIPF5"	3.86807060692058e-159	0.26149424984888	0.313	0.133	8.12256146747252e-155
"BCAP31"	9.56279855823602e-141	0.261415174442507	0.428	0.237	2.00809206924398e-136
"IFT20"	2.77640729570077e-135	0.261415142768245	0.378	0.2	5.83017768024204e-131
"GREM2"	1.74544025559966e-205	0.261192705967731	0.146	0.004	3.66524999273372e-201
"LAMB2"	8.96659327170215e-80	0.260662434880362	0.601	0.452	1.88289492112473e-75
"TSPAN8"	7.9126822084626e-98	0.260484128535213	0.118	0.027	1.66158413695506e-93
"GALNT5"	1.94958157614772e-221	0.260230950864163	0.155	0.004	4.09392635175259e-217
"LGR4"	3.46632005506155e-124	0.259726916475231	0.179	0.054	7.27892548362374e-120
"SERPINA5"	1.27521463618177e-192	0.259083776618317	0.133	0.002	2.6778232145181e-188
"HAS2"	4.42103953293918e-96	0.258629991884602	0.326	0.177	9.28374091521898e-92
"SHISA5"	1.98119471189284e-157	0.258515356151469	0.325	0.142	4.16031077550378e-153
"TGOLN2"	2.23344563056354e-125	0.257831102848728	0.445	0.264	4.69001247962038e-121
"TCN2"	9.45727860063443e-226	0.25773769906316	0.173	0.012	1.98593393334722e-221
"WLS"	2.68681544051491e-149	0.257575673461769	0.291	0.121	5.64204374353725e-145
"SMIM7"	1.1896179722176e-137	0.257397714959017	0.459	0.264	2.49807877985974e-133
"TMEM205"	9.89726004514068e-120	0.256980714898913	0.417	0.242	2.07832563687909e-115
"LRRC17"	1.06826871654925e-78	0.256608350576045	0.254	0.137	2.24325747788177e-74
"PPFIBP1"	5.654146016486e-103	0.256408258472715	0.328	0.181	1.1873141220019e-98
"TTYH3"	3.27639991104901e-182	0.256251380806975	0.184	0.033	6.88011217321182e-178
"TMX4"	1.73620381586611e-154	0.25615359367354	0.313	0.134	3.64585439293724e-150
"COPZ1"	2.81463018771838e-161	0.255740123927006	0.33	0.143	5.91044193118983e-157
"NUMBL"	1.68688546754053e-194	0.255728236807872	0.224	0.052	3.54229079328837e-190
"ECI2"	5.33280824279756e-183	0.255018384130734	0.26	0.081	1.11983640290506e-178
"SWI5"	7.50208891534547e-157	0.254915844757558	0.324	0.143	1.57536365133339e-152
"PGRMC2"	1.61200975926145e-133	0.254913431201678	0.366	0.191	3.38505929347313e-129
"SELENOM"	7.14162730374867e-132	0.254754984521862	0.983	0.953	1.49967031751418e-127
"ANKH"	6.1492390810717e-174	0.253768065375897	0.209	0.052	1.29127871463425e-169
"MPST"	4.01436782204972e-195	0.253662155628472	0.224	0.052	8.42977098952221e-191
"MRPL57"	1.20678729339046e-142	0.253582860334425	0.383	0.196	2.53413263739064e-138
"RNASE4"	2.03554608933616e-186	0.253238093638037	0.216	0.051	4.274443232997e-182
"MAN1C1"	5.58247145084424e-188	0.252888324684987	0.23	0.059	1.17226317996278e-183
"NDUFAF3"	3.26828488112308e-135	0.25256691714131	0.451	0.258	6.86307142187035e-131
"CASP4"	1.0950409157774e-166	0.252516735294638	0.27	0.097	2.29947641904096e-162
"FAM180A"	6.17359673187649e-174	0.252501668947629	0.203	0.046	1.29639357772674e-169
"DBP"	1.55298615647379e-113	0.251570676557423	0.301	0.15	3.26111562997932e-109
"HMGN1"	8.29032733889705e-104	0.251540560145783	0.594	0.413	1.74088583789499e-99
"PRICKLE1"	3.21089564504495e-207	0.251460884892785	0.191	0.027	6.74255976502989e-203
"ARSA"	4.88995090055284e-214	0.251453249362452	0.201	0.031	1.02684078960709e-209
"ROBO2"	4.98367280906746e-204	0.251260684260286	0.144	0.004	1.04652145317608e-199
"DBN1"	1.04678071391392e-138	0.250786932046679	0.252	0.099	2.19813482114784e-134
"SPG21"	2.33279779193494e-165	0.25062606800745	0.262	0.092	4.89864208328419e-161
"SLC43A3"	4.81490133514196e-150	0.250601119518674	0.238	0.082	1.01108113136646e-145
"CHD9"	1.20884482014957e-118	0.250300960143755	0.456	0.272	2.53845323783208e-114
"TMBIM1"	3.90368439481415e-135	0.250259898363913	0.307	0.142	8.19734686067023e-131
"PAPSS1"	1.773743296557e-148	0.250213990975386	0.275	0.11	3.72468354844005e-144
"RPL26"	6.54749956374588e-216	-0.250002053391293	1	1	1.374909433391e-211
"ATG101"	7.29567037659767e-41	-0.251095769189769	0.348	0.41	1.53201782238175e-36
"PABPC4"	2.15641175934362e-54	-0.251206538090594	0.353	0.437	4.52824905344566e-50
"MAFA"	9.2786701087538e-213	-0.252510177777891	0.034	0.153	1.94842793613721e-208
"SPRY2"	7.71042604811465e-92	-0.252784807180591	0.176	0.294	1.6191123658436e-87
"SRSF5"	2.9800216833481e-66	-0.252811906486694	0.715	0.756	6.25774753286268e-62
"LIMS1"	1.10135303311245e-19	-0.254661359347671	0.546	0.539	2.31273123423284e-15
"TACC1"	2.36435083551595e-47	-0.254787399847891	0.556	0.602	4.96490031949994e-43
"CNBP"	8.94703124344364e-72	-0.254953359236501	0.709	0.743	1.87878709081073e-67
"UPP1"	6.39763307693129e-49	-0.255152750915718	0.198	0.281	1.3434389698248e-44
"CBX4"	5.17664994761666e-52	-0.255268873166276	0.311	0.398	1.08704472250002e-47
"GTF2B"	1.02154614771136e-43	-0.255330935368948	0.261	0.339	2.14514475557909e-39
"MCL1"	8.17996620673284e-53	-0.255614330558962	0.77	0.81	1.71771110375183e-48
"EEF1A1"	5.85358316814903e-225	-0.255694475639017	1	1	1.22919392947962e-220
"CD4"	0	-0.255857524233935	0.02	0.169	0
"SCN4B"	1.03486191338811e-219	-0.255928975238266	0.074	0.231	2.17310653192368e-215
"RPS24"	1.06290235270483e-232	-0.256869186121324	1	1	2.23198865044487e-228
"RAB21"	2.89091533301546e-35	-0.257059499741874	0.416	0.468	6.07063310779917e-31
"BACH1"	4.53249347810618e-92	-0.25706918021361	0.159	0.271	9.51778305467517e-88
"MAPRE2"	8.23892034667008e-66	-0.257230759532385	0.243	0.339	1.73009088359725e-61
"EEF2"	1.29388112088077e-123	-0.257850388817063	0.976	0.988	2.71702096573753e-119
"TDO2"	2.70153543172476e-214	-0.258156868141483	0.02	0.125	5.67295425307882e-210
"PRKG1"	8.44388653705525e-86	-0.2589881788403	0.215	0.33	1.77313173391623e-81
"NABP1"	2.23725906635047e-42	-0.259207766133562	0.242	0.32	4.69802031342935e-38
"KTN1"	4.02726268675861e-53	-0.260182859122455	0.496	0.553	8.45684891592441e-49
"RPL27"	1.34569733577786e-136	-0.260286473168568	0.995	0.999	2.82582983539992e-132
"ILF2"	1.46446063793699e-41	-0.261107772453044	0.489	0.528	3.07522089360388e-37
"HMGB1"	3.3236277669051e-106	-0.261222674964884	0.982	0.983	6.97928594772403e-102
"PPP1CB"	5.46131516759683e-39	-0.261397800621212	0.552	0.573	1.14682157204366e-34
"VEGFA"	1.53964340985045e-36	-0.262079289241102	0.48	0.533	3.23309719634495e-32
"NOLC1"	5.21266484430156e-56	-0.262392883177702	0.305	0.393	1.09460749065488e-51
"ARIH1"	1.08117066344693e-48	-0.263083735545415	0.439	0.504	2.27035027617221e-44
"HRC"	0	-0.263815518063905	0.003	0.164	0
"RPL35"	1.32981670212758e-179	-0.263934985116607	1	1	2.79248209279772e-175
"RACK1"	3.37765623250929e-172	-0.264453694195026	0.997	1	7.09274032264625e-168
"RBBP6"	1.86924238813692e-47	-0.264604933924728	0.59	0.643	3.92522209084872e-43
"BAG1"	1.13797352849504e-58	-0.26482002974669	0.419	0.492	2.38963061248673e-54
"HEY2"	1.53119785129117e-131	-0.264836111729504	0.124	0.256	3.21536236792633e-127
"JUND"	3.92109453283961e-66	-0.266383563202226	0.995	0.999	8.23390640950991e-62
"RBM24"	2.15708514524813e-139	-0.266387903011043	0.06	0.167	4.52966309650656e-135
"TKT"	2.9985231456179e-71	-0.266437699628114	0.303	0.403	6.29659875348303e-67
"MT-CO1"	1.36851271373077e-85	-0.266612674658816	1	1	2.87373984756325e-81
"NDUFS2"	1.6740059592326e-51	-0.26672783133456	0.275	0.355	3.51524511379254e-47
"EIF3J"	3.57157610841067e-48	-0.26683751199261	0.349	0.422	7.49995267005157e-44
"ARHGAP6"	3.38030346932477e-144	-0.266976106688459	0.118	0.254	7.09829925523508e-140
"BTBD7"	1.39051152728167e-47	-0.267458958662264	0.284	0.363	2.91993515613879e-43
"PICALM"	2.54998451473763e-91	-0.268478704003295	0.227	0.346	5.35471248249755e-87
"PLAU"	1.70122912352766e-12	-0.268777273870365	0.183	0.217	3.57241103649574e-08
"KCTD20"	1.58456415990675e-54	-0.269420364474782	0.18	0.262	3.32742627938818e-50
"NDUFS5"	3.97409211780919e-82	-0.269423212177601	0.805	0.811	8.34519603818753e-78
"HGF"	8.30243114821018e-115	-0.269871874911745	0.074	0.178	1.74342751681266e-110
"ECE1"	2.22304399517827e-106	-0.271197734823428	0.173	0.299	4.66817008547485e-102
"DNAJB4"	9.84311656559034e-36	-0.272666345672323	0.418	0.475	2.06695604760832e-31
"RPL22"	6.41382399415808e-213	-0.272791371528399	0.998	1	1.34683890053325e-208
"DNAJA1"	3.99871355232748e-76	-0.272977509410998	0.928	0.966	8.39689858853247e-72
"PNPLA2"	3.77017772707833e-83	-0.273033269837791	0.247	0.36	7.91699620909179e-79
"STRAP"	3.41595977609025e-59	-0.2733585208849	0.387	0.464	7.17317393381192e-55
"AKAP1"	1.28543096279433e-171	-0.274640337039957	0.079	0.212	2.69927647877182e-167
"RPS28"	3.00137794269521e-234	-0.274703906153595	1	1	6.30259354186568e-230
"FAM107B"	2.19397338405227e-32	-0.275097641585092	0.247	0.31	4.60712470917136e-28
"PFKFB3"	6.10089947865082e-49	-0.275134756027257	0.243	0.328	1.28112788152189e-44
"RPS25"	4.73124455175591e-205	-0.275918357766062	0.999	1	9.93514043423224e-201
"EIF1AX"	3.25794504209674e-62	-0.276647438002161	0.646	0.692	6.84135879389894e-58
"CCL26"	9.75298794585508e-69	-0.277118687696	0.077	0.156	2.04802993875011e-64
"ELOC"	2.65700736284687e-11	-0.277362789079286	0.637	0.619	5.57944976124214e-07
"PTP4A1"	3.64775908571668e-34	-0.27757040471988	0.352	0.406	7.65992930409646e-30
"CPEB4"	2.12209064912516e-86	-0.277628374341133	0.243	0.36	4.45617815409793e-82
"CDKN1B"	2.83489274157876e-83	-0.278911493847654	0.252	0.364	5.95299126804123e-79
"RSL1D1"	6.10274036278768e-68	-0.27891942054085	0.51	0.584	1.28151444878178e-63
"RPL35A"	7.79196278868316e-286	-0.279106729000761	1	1	1.63623426599558e-281
"EGR3"	2.43899429011594e-55	-0.281025301347087	0.293	0.384	5.12164410981447e-51
"RPS15A"	1.40241708655548e-237	-0.281080265999023	1	1	2.94493564005786e-233
"ANP32B"	2.9913220347864e-77	-0.281166850597862	0.51	0.595	6.28147714084796e-73
"RPL4"	1.06932803333638e-157	-0.281303883089206	0.976	0.989	2.24548193720306e-153
"BAZ1A"	5.73193054567635e-44	-0.282470416560986	0.468	0.53	1.20364809528658e-39
"RPLP1"	2.98715812297288e-276	-0.283189507341104	1	1	6.27273334243076e-272
"PPP2CA"	1.73864821185704e-76	-0.283429854579496	0.322	0.427	3.6509873800786e-72
"BRD4"	1.31702415088572e-69	-0.283747993481112	0.396	0.484	2.76561901444492e-65
"SLC2A3"	2.27009390281858e-58	-0.283879109097203	0.607	0.69	4.76697018652874e-54
"LYPD1"	0	-0.284137345094662	0.005	0.134	0
"SGIP1"	1.36387255413683e-165	-0.285304763197712	0.066	0.19	2.86399597643193e-161
"MT1F"	7.63016239014396e-219	-0.285347076221125	0.072	0.225	1.60225780030633e-214
"EBF1"	1.37177529872951e-84	-0.28540117343705	0.433	0.548	2.8805909498021e-80
"AMD1"	5.00243729074724e-76	-0.285693319039688	0.606	0.69	1.05046180668401e-71
"EIF3G"	2.85909353139998e-99	-0.285878567900635	0.704	0.754	6.00381050658682e-95
"INAFM1"	3.11038142495289e-88	-0.286191867828911	0.32	0.441	6.53148995425858e-84
"PNP"	1.50484781486913e-18	-0.286313420020697	0.265	0.308	3.16002992644369e-14
"HIF1A"	1.18772458280262e-68	-0.287278027833233	0.346	0.445	2.49410285142721e-64
"PELI1"	2.01835343983742e-118	-0.288284470187099	0.19	0.328	4.23834038831461e-114
"RBM39"	3.04795097696639e-108	-0.288327671034126	0.862	0.887	6.40039225653172e-104
"MID1IP1"	4.08614410172704e-41	-0.288488346777897	0.225	0.297	8.58049399921662e-37
"DDIT4L"	3.09701245322568e-120	-0.288510062597531	0.075	0.181	6.5034164505286e-116
"SEMA4C"	2.62848498829928e-130	-0.288900257586404	0.135	0.267	5.51955562692965e-126
"HNRNPF"	9.26414346091737e-66	-0.289082568692705	0.561	0.617	1.94537748535804e-61
"PA2G4"	7.21615184618541e-63	-0.290194437385219	0.407	0.486	1.51531972618047e-58
"EIF3L"	3.98246194987395e-86	-0.291363467341086	0.581	0.653	8.3627718485403e-82
"YWHAH"	1.60565411746826e-67	-0.2921693123841	0.321	0.416	3.3717130812716e-63
"EIF3H"	1.9565928010892e-98	-0.292767607867743	0.627	0.693	4.10864922300722e-94
"CKB"	2.45000327943315e-67	-0.292881374380566	0.511	0.616	5.14476188648167e-63
"RPL36AL"	2.74506742218788e-138	-0.293021579309102	0.946	0.955	5.76436707985233e-134
"KMT2E"	1.51308123978829e-72	-0.293104178465946	0.597	0.671	3.17731929543142e-68
"PRMT1"	5.93392842331189e-80	-0.293225436962763	0.438	0.529	1.24606562961126e-75
"NCOA7"	6.04370524501184e-08	-0.293748943971671	0.368	0.366	0.00126911766440004
"SPEN"	1.170101161827e-73	-0.294056068708887	0.308	0.411	2.45709542972052e-69
"COX7A2"	5.11089707014423e-88	-0.294288573527068	0.795	0.806	1.07323727575959e-83
"SYNM"	9.23562107526792e-167	-0.294667138743183	0.045	0.154	1.93938806959551e-162
"ASAH1"	8.64619270149728e-45	-0.29497277805019	0.461	0.5	1.81561400538741e-40
"IFRD1"	6.1006388607774e-75	-0.295551301563504	0.704	0.763	1.28107315437465e-70
"NET1"	7.04697546889463e-07	-0.295898286215182	0.221	0.231	0.0147979437871318
"EIF3K"	1.29870035177365e-130	-0.29689039994499	0.894	0.913	2.72714086868948e-126
"MT-CO2"	8.06960529040913e-169	-0.296901051110731	1	1	1.69453641493301e-164
"NSRP1"	7.1274807320186e-14	-0.298182396526877	0.294	0.322	1.49669967891659e-09
"DNTTIP2"	5.03244763417705e-43	-0.298973911710842	0.294	0.365	1.05676367870084e-38
"ASXL1"	6.59618058676106e-83	-0.299378360268597	0.318	0.431	1.38513196141395e-78
"LIF"	3.45763377481856e-102	-0.299764255642182	0.049	0.132	7.2606851637415e-98
"CAMLG"	2.01730407998064e-82	-0.299784583056457	0.564	0.634	4.23613683755134e-78
"ELL2"	4.82334363042388e-23	-0.299847653884623	0.319	0.362	1.01285392895271e-18
"WFDC1"	1.35533019374071e-246	-0.300300959457655	0.036	0.171	2.84605787383613e-242
"VAPA"	2.83456371767372e-76	-0.300494100519322	0.665	0.694	5.95230035074304e-72
"EPHA2"	5.18766570388772e-212	-0.300753355628406	0.094	0.255	1.08935792115938e-207
"FAM13C"	2.71466307584995e-210	-0.300896843593621	0.071	0.217	5.70052099297731e-206
"HEY1"	3.37711072837148e-167	-0.301204551907878	0.111	0.259	7.09159481850727e-163
"ZNF141"	2.22183453499998e-68	-0.301510338618414	0.084	0.162	4.66563034004646e-64
"ACTN1"	4.39851470513265e-57	-0.302192645309738	0.375	0.459	9.23644102930804e-53
"DUSP5"	3.06529179137207e-66	-0.302477300590176	0.273	0.372	6.4368062327022e-62
"PLPPR4"	1.17566576789396e-218	-0.302533154376386	0.06	0.204	2.46878054600054e-214
"COX6A1"	1.59167210980938e-101	-0.302608017967056	0.787	0.809	3.34235226338871e-97
"RPL38"	6.28560880106807e-205	-0.302734810665076	0.983	0.994	1.31991499213628e-200
"AAED1"	2.62845218309077e-94	-0.302761414607098	0.287	0.408	5.5194867392723e-90
"EIF1"	7.88017466123524e-189	-0.302950589080845	1	1	1.65475787711279e-184
"PRPF38B"	2.94847214167625e-73	-0.303638855888458	0.38	0.472	6.19149665030596e-69
"SLC3A2"	2.95737682167256e-75	-0.30414615762355	0.717	0.765	6.21019558783022e-71
"RPS18"	6.88066967982533e-253	-0.304149390746783	1	1	1.44487182606652e-248
"RPL41"	0	-0.30422370520576	1	1	0
"TMEM165"	2.69009464729903e-49	-0.305540798224839	0.441	0.493	5.64892974986322e-45
"GPR4"	0	-0.305753300032461	0.008	0.176	0
"CDKN2D"	7.65032079988077e-125	-0.305825975469537	0.155	0.288	1.60649086476696e-120
"SMARCD3"	8.44723338843451e-128	-0.306162874056988	0.198	0.338	1.77383453923736e-123
"MIR29B2CHG"	0	-0.30623022891015	0.02	0.18	0
"MAP1LC3B"	2.81706754522624e-78	-0.308266505406411	0.816	0.868	5.91556013822057e-74
"HNRNPM"	7.29362518917672e-86	-0.308537670655821	0.537	0.61	1.53158835347522e-81
"TOP1"	1.2997797566381e-57	-0.310135284487256	0.549	0.602	2.72940751096434e-53
"BNIP3L"	2.59122484761588e-27	-0.310920928363457	0.521	0.531	5.44131305750859e-23
"NECTIN2"	4.81580721460723e-69	-0.311709782380065	0.338	0.429	1.01127135699537e-64
"THBD"	2.08421894913907e-141	-0.312005305603311	0.119	0.259	4.37665137129714e-137
"FAT1"	1.8175772706142e-91	-0.312393256991258	0.215	0.331	3.81673051056275e-87
"LGALSL"	1.86649727236148e-121	-0.312417404224743	0.191	0.329	3.91945762223187e-117
"RPS13"	0	-0.313674191155363	0.999	1	0
"WTIP"	2.90321392323416e-90	-0.314537243050338	0.159	0.267	6.0964589173994e-86
"UQCRH"	1.13018483191579e-123	-0.314867683647422	0.846	0.867	2.37327512853996e-119
"PTPN1"	1.60710510168992e-99	-0.314913219919861	0.153	0.268	3.37476000303867e-95
"APEX1"	4.27472613513976e-41	-0.315094417841182	0.448	0.493	8.97649741117997e-37
"EIF4A2"	3.98515649488268e-123	-0.315188215182559	0.822	0.877	8.36843012360414e-119
"ARID4B"	1.04071584045522e-73	-0.316458462502054	0.601	0.665	2.18539919337191e-69
"TRIM8"	3.20180198461552e-58	-0.317577948344128	0.381	0.462	6.72346398749414e-54
"HNRNPK"	1.06854746006777e-117	-0.318384870735611	0.814	0.836	2.24384281139632e-113
"PEG10"	8.555368759016e-117	-0.319046756409666	0.123	0.248	1.79654188570577e-112
"KPNA2"	7.74903977903679e-69	-0.320749233409027	0.448	0.545	1.62722086319993e-64
"HNRNPA2B1"	4.37990705651475e-124	-0.320889036716718	0.958	0.971	9.19736682797533e-120
"SPECC1"	1.57299558664572e-216	-0.32252532287385	0.099	0.262	3.30313343239735e-212
"SRSF7"	1.16145776265313e-129	-0.322970075677742	0.711	0.813	2.4389451557953e-125
"MXI1"	1.32168970595749e-95	-0.322990444409499	0.235	0.355	2.77541621354014e-91
"ANKRD29"	0	-0.324079260792469	0.044	0.224	0
"RPL14"	2.66148222766e-253	-0.324590545854061	1	1	5.58884652986323e-249
"NFE2L2"	2.1466652344933e-70	-0.325378356196519	0.686	0.73	4.50778232591248e-66
"UTRN"	2.48252830610368e-107	-0.327329212063631	0.274	0.405	5.21306118998712e-103
"FRMD3"	0	-0.32765636918398	0.014	0.2	0
"CCNH"	8.54299401353456e-18	-0.327658231101196	0.235	0.272	1.79394331290212e-13
"MT-ND1"	9.5283159226711e-194	-0.328401916920797	1	1	2.0008510606017e-189
"EHD1"	9.8309163912093e-111	-0.328788308693074	0.257	0.393	2.06439413299004e-106
"RPL10"	0	-0.330136416636646	1	1	0
"NBEAL1"	2.99985804093909e-105	-0.330253778488185	0.249	0.375	6.299401900168e-101
"FKBP4"	4.04591212097627e-165	-0.330748405379875	0.171	0.332	8.49601086283806e-161
"DEGS1"	8.84113199361269e-73	-0.331032348623033	0.456	0.525	1.85654930733873e-68
"FBXO32"	2.93711597762621e-113	-0.331360594726612	0.156	0.283	6.16764984141729e-109
"KDM6B"	1.02428343495206e-100	-0.331545335783959	0.565	0.679	2.15089278505584e-96
"CCT3"	9.81229778292272e-114	-0.331670836577111	0.345	0.472	2.06048441143594e-109
"EBF2"	0	-0.332590066707712	0.032	0.222	0
"NOP53"	4.74776357453478e-149	-0.33270410400477	0.813	0.898	9.96982873016558e-145
"RPL15"	0	-0.33446903772623	1	1	0
"MYL12A"	4.2799119299742e-37	-0.335745951394202	0.857	0.83	8.98738706175281e-33
"COBLL1"	1.08669264740219e-197	-0.337895704956016	0.128	0.293	2.28194589027985e-193
"RPS14"	0	-0.338812715073222	1	1	0
"HNRNPU"	1.40719347405841e-97	-0.338987736291922	0.824	0.868	2.95496557617526e-93
"TOB1"	1.14247743768975e-85	-0.339004070548852	0.548	0.633	2.39908837140471e-81
"SERBP1"	6.81354860051041e-119	-0.339147845653743	0.771	0.81	1.43077707062118e-114
"HES5"	4.05170491648339e-143	-0.339644562361708	0.035	0.128	8.50817515412347e-139
"PCBP1"	2.62632943455564e-102	-0.339819687482804	0.679	0.726	5.51502917962339e-98
"OPA3"	2.07678211856781e-227	-0.341100640670345	0.07	0.221	4.36103477078055e-223
"UACA"	7.49148307639541e-30	-0.341326715464643	0.315	0.362	1.57313653121227e-25
"LINC01197"	0	-0.341363157198884	0.022	0.217	0
"EIF5A"	3.74238821672275e-116	-0.341437346407554	0.721	0.771	7.85864101629611e-112
"TBCC"	3.43999144748760e-172	-0.341456618390997	0.142	0.299	7.2236380405792e-168
"ZFP36L1"	6.71076697996601e-124	-0.341970446468169	0.956	0.985	1.40919395812306e-119
"GEM"	3.11556207504622e-62	-0.342359750122422	0.804	0.881	6.54236880138955e-58
"SKP1"	2.27618903691003e-160	-0.343047873691421	0.893	0.913	4.77976935860737e-156
"RPS9"	0	-0.343717547680271	1	1	0
"STK17A"	8.32450854659796e-121	-0.34373023854902	0.213	0.35	1.7480635497001e-116
"MSRB3"	1.21613652008152e-103	-0.345174518911575	0.238	0.36	2.55376507851917e-99
"RPL37A"	1.8171921413401e-255	-0.345610152479026	1	1	3.81592177760009e-251
"RPL7A"	0	-0.346227757998926	1	1	0
"SNHG12"	3.16435310243949e-86	-0.346679570066635	0.335	0.454	6.64482507981268e-82
"SLC25A25"	2.77949155651711e-142	-0.347416694293101	0.201	0.351	5.83665431953029e-138
"GUCY1B1"	1.85458556513435e-193	-0.347572771865306	0.139	0.306	3.89444422822563e-189
"GPBP1"	2.72366900762076e-103	-0.34986677910947	0.631	0.693	5.71943254910283e-99
"AL118516.1"	1.23338911625731e-72	-0.350178866778245	0.259	0.363	2.58999380522872e-68
"CYP26B1"	8.46586498567728e-46	-0.35126761764792	0.16	0.234	1.77774698834237e-41
"SLC25A6"	2.10474366963873e-183	-0.351467740750968	0.934	0.961	4.41975123187437e-179
"H2AFJ"	2.67127396980342e-104	-0.352018942838675	0.63	0.693	5.6094082091902e-100
"ZNRD1"	0.446812629166524	-0.352404640492795	0.268	0.259	1
"CAVIN1"	9.1030701999944e-132	-0.353440475943433	0.9	0.924	1.91155371129682e-127
"LPL"	6.86372581479722e-258	-0.354038569296087	0.032	0.165	1.44131378384927e-253
"FAM241A"	1.85903106817659e-188	-0.35588618632149	0.169	0.346	3.90377934006401e-184
"LAMA5"	0	-0.356377220731693	0.03	0.238	0
"EIF4G2"	8.60304345877062e-151	-0.35651038494692	0.777	0.835	1.80655309590724e-146
"CD44"	8.35688960367042e-49	-0.356825586600688	0.837	0.853	1.75486324787475e-44
"RPL32"	0	-0.357453504879203	1	1	0
"NMD3"	1.0802861357165e-157	-0.35834414660319	0.183	0.338	2.26849285639107e-153
"ERF"	1.35977791129887e-141	-0.360859582859165	0.241	0.394	2.8553976359365e-137
"TJP1"	1.95915978030492e-132	-0.361982473150302	0.255	0.398	4.11403962266229e-128
"RBM8A"	5.42090537362087e-134	-0.362077452375461	0.651	0.732	1.13833591940665e-129
"MARCKSL1"	2.84053238516916e-101	-0.362219926538636	0.356	0.48	5.96483395561671e-97
"RPL7"	2.51444781526041e-263	-0.362360936520128	0.988	0.997	5.28008896726533e-259
"CDC42EP4"	6.50683993218723e-125	-0.362489548381892	0.288	0.434	1.36637131736e-120
"KLHL23"	0	-0.362656962547485	0.03	0.22	0
"EIF3E"	3.7326080596707e-177	-0.363738818080893	0.752	0.846	7.8381036645025e-173
"SMIM3"	1.11042469733169e-123	-0.363827950576317	0.244	0.383	2.33178082192681e-119
"CD36"	5.30498905191426e-231	-0.363856752080553	0.016	0.119	1.11399465101148e-226
"RPL6"	0	-0.36452730990284	1	1	0
"HNRNPH1"	9.26103048701028e-128	-0.364616879066774	0.782	0.844	1.94472379196729e-123
"VDAC2"	6.78395777009328e-142	-0.364962152007305	0.549	0.647	1.42456329214189e-137
"RPS3"	0	-0.365122862004327	1	1	0
"FUS"	1.98072378313418e-147	-0.365790823722225	0.863	0.914	4.15932187220347e-143
"NRGN"	0	-0.366652598665612	0.009	0.17	0
"SNRPB"	9.59259618038082e-130	-0.367307598126103	0.589	0.671	2.01434927191817e-125
"DDX5"	2.34272451257333e-177	-0.367618257117205	0.975	0.992	4.91948720395273e-173
"TPI1"	1.10066281480524e-164	-0.368087604081305	0.884	0.917	2.31128184480952e-160
"COX7B"	5.20433265112147e-136	-0.368374489133916	0.68	0.744	1.092857813409e-131
"RHOQ"	1.46640224854917e-106	-0.368825017032125	0.337	0.455	3.0792980817284e-102
"RPL23A"	1.60813006152896e-267	-0.369151973772126	0.999	1	3.37691231620466e-263
"HNRNPDL"	6.42084168662007e-153	-0.369186843036782	0.824	0.873	1.34831254577335e-148
"SFPQ"	8.57589896381342e-126	-0.370024945197146	0.791	0.836	1.80085302341118e-121
"NASP"	3.79701098823295e-120	-0.370986095012523	0.495	0.61	7.97334337419036e-116
"EFNA1"	1.57684181562089e-182	-0.371365565432873	0.098	0.245	3.31121012862231e-178
"RPL18A"	0	-0.372104117818456	1	1	0
"RAMP1"	2.08471921693255e-297	-0.372446139735842	0.047	0.21	4.37770188363666e-293
"PGAP1"	5.21303873146103e-68	-0.372788181229893	0.101	0.181	1.0946860032195e-63
"PTTG1"	3.53487379021709e-141	-0.374521064645339	0.145	0.285	7.42288147207686e-137
"NOP56"	4.0073234196111e-116	-0.374598460574783	0.397	0.52	8.41497844884134e-112
"CAMK2N1"	2.12280731544863e-76	-0.375822040952227	0.421	0.507	4.45768308171058e-72
"RPS4X"	0	-0.378041048482132	0.999	1	0
"RPS27"	0	-0.378593206282712	1	1	0
"LURAP1L"	2.88077009345775e-111	-0.378915032508719	0.165	0.286	6.04932911925192e-107
"HSPE1"	1.35323799877746e-62	-0.37923892492601	0.796	0.816	2.84166447363279e-58
"BCL6"	6.94936900900079e-100	-0.379490522100658	0.343	0.462	1.45929799820007e-95
"HNRNPA3"	1.36049559951191e-149	-0.380543241599903	0.7	0.775	2.85690470941507e-145
"EHD2"	2.73515233130295e-122	-0.381418070210501	0.301	0.43	5.74354638050306e-118
"RPS4Y1"	3.69284581379287e-189	-0.382205219630307	0.841	0.913	7.75460692438364e-185
"SOCS1"	1.64818312910582e-25	-0.383949956900015	0.297	0.342	3.4610197528093e-21
"JAK1"	9.49281762563175e-133	-0.385038893934545	0.516	0.616	1.99339677320641e-128
"YY1"	1.93614140313971e-128	-0.3864873321144	0.594	0.676	4.06570333245308e-124
"RASL12"	3.00129091339376e-266	-0.386511093058972	0.112	0.303	6.30241078903556e-262
"MRGPRF"	2.18798678954454e-122	-0.388803810398866	0.255	0.39	4.59455345936458e-118
"SYNE2"	1.08672092304695e-239	-0.390773084986984	0.142	0.334	2.28200526630629e-235
"CSNK1A1"	1.40208005617795e-112	-0.390967099462004	0.551	0.624	2.94422790996807e-108
"CCDC71L"	5.3431401077665e-19	-0.391136839385668	0.409	0.436	1.12200599122989e-14
"HNRNPC"	9.57487527061811e-140	-0.393173318320255	0.711	0.774	2.0106280580771e-135
"FHL5"	0	-0.394580355320769	0.004	0.209	0
"YBX1"	2.30007553850948e-280	-0.394998342891228	0.982	0.994	4.82992862331605e-276
"DDX3X"	8.82556236990059e-122	-0.395311673850444	0.72	0.78	1.85327984205543e-117
"HIST1H4C"	4.40000590945123e-50	-0.395858872311165	0.352	0.432	9.23957240925664e-46
"CSRP2"	6.85098308693491e-104	-0.397177073030538	0.389	0.523	1.43863793842546e-99
"H2AFX"	5.08702212230761e-93	-0.397365120410505	0.427	0.536	1.06822377546337e-88
"KIF5B"	3.73523453262957e-144	-0.397786851724569	0.529	0.637	7.84361899506883e-140
"PFDN2"	6.06050005431331e-125	-0.397886274331598	0.576	0.656	1.27264440640525e-120
"RPL19"	0	-0.398122249011185	1	1	0
"TRIM28"	5.99662914195258e-148	-0.398716834542786	0.374	0.517	1.25923215351862e-143
"DLX5"	0	-0.399068150651065	0.012	0.184	0
"RPL27A"	8.08960519361157e-133	-0.400207424284629	0.992	0.995	1.69873619460649e-128
"IRF2BP2"	4.70711602975215e-55	-0.401183916938026	0.447	0.507	9.88447295087655e-51
"NAP1L1"	1.91336215131013e-202	-0.402929562047037	0.801	0.874	4.01786918153613e-198
"EIF1B"	7.92019377525472e-106	-0.405421285147946	0.693	0.762	1.66316149086574e-101
"CAMTA1"	1.19856590802234e-167	-0.406366162238294	0.438	0.578	2.51686855025612e-163
"RPS6"	0	-0.408329209061447	1	1	0
"PLEKHH3"	2.67025762974138e-202	-0.409175943481085	0.205	0.385	5.60727399669391e-198
"IRF1"	7.66319733085754e-83	-0.411035256203951	0.802	0.87	1.60919480750677e-78
"ANO1"	0	-0.412183580454514	0.036	0.272	0
"FHL2"	1.95006984950299e-111	-0.412780756427503	0.193	0.317	4.09495167697133e-107
"RPL21"	0	-0.413152501101801	0.999	1	0
"ARL6IP1"	4.77702558478681e-109	-0.413485564602091	0.526	0.62	1.00312760254938e-104
"RPS27A"	0	-0.414671711901671	1	1	0
"RPL8"	0	-0.416462903742802	1	1	0
"LMO4"	1.13385164532888e-144	-0.41679578791246	0.648	0.748	2.38097507002612e-140
"EDNRA"	0	-0.417313849240649	0.137	0.377	0
"ARHGEF7"	1.60739940132947e-232	-0.418025712627093	0.187	0.38	3.37537800285176e-228
"CAVIN2"	0	-0.4182233553821	0.038	0.235	0
"SELENOK"	1.09886669872434e-107	-0.419467266022949	0.717	0.776	2.30751018065125e-103
"IFITM3"	1.20488002000987e-252	-0.424358587213802	0.99	0.998	2.53012755401873e-248
"HERPUD1"	7.02511416392225e-124	-0.424369018536718	0.785	0.824	1.47520372328203e-119
"TRNP1"	0	-0.425321282500759	0.023	0.272	0
"PDK4"	1.83314775545794e-08	-0.426334573354552	0.312	0.335	0.000384942697168613
"EZR"	3.93625926825178e-280	-0.426752433848629	0.134	0.342	8.26575083740192e-276
"TOMM20"	1.92554972962157e-216	-0.427743792945538	0.693	0.776	4.04346187723233e-212
"NEURL1B"	0	-0.429191685109637	0.018	0.256	0
"ITGB1"	1.23905594346165e-251	-0.432006031761184	0.891	0.943	2.60189357567512e-247
"ATP1A1"	6.1271283414469e-146	-0.432389181571836	0.576	0.675	1.28663568042043e-141
"RPL9"	0	-0.432585967664126	0.999	1	0
"CDK2AP2"	4.93814912133689e-225	-0.434860351861762	0.182	0.373	1.03696193398953e-220
"SPTSSA"	3.61069188682406e-169	-0.438683825353854	0.371	0.525	7.58209189314184e-165
"PLEKHA4"	1.8122277652721e-236	-0.440253073240662	0.247	0.453	3.80549708429488e-232
"RPL29"	0	-0.440265899746633	1	1	0
"CARMN"	0	-0.441915032683267	0.035	0.225	0
"TGFB1I1"	1.29513005681699e-108	-0.442748855267846	0.418	0.51	2.71964360631e-104
"SLFN11"	2.94603985513616e-106	-0.443774577551162	0.223	0.346	6.18638909180043e-102
"DDIT3"	4.32099971465061e-128	-0.446087077772891	0.394	0.53	9.07366730079481e-124
"RPL36A"	1.36141205446809e-263	-0.446974465804309	0.86	0.93	2.85882917317754e-259
"RPS10"	0	-0.447014277419467	0.996	1	0
"GUCY1A1"	1.98288086137566e-267	-0.447552958304338	0.244	0.473	4.16385152080274e-263
"NCKAP5"	0	-0.449112469260656	0.074	0.3	0
"MPRIP"	5.26579030446844e-265	-0.44934418598609	0.226	0.439	1.10576330603533e-260
"PPIA"	0	-0.449990912066111	0.98	0.993	0
"DLC1"	2.00036385209831e-151	-0.451366738566433	0.412	0.547	4.20056405302124e-147
"RAB13"	4.56333844909196e-184	-0.451414612217092	0.639	0.75	9.58255440924822e-180
"HIPK2"	2.25451880373888e-271	-0.451762217573405	0.096	0.278	4.73426403597128e-267
"VMP1"	1.36974016288627e-128	-0.452625598862313	0.662	0.737	2.87631736804487e-124
"PNRC1"	3.09807464893779e-228	-0.453978732027606	0.934	0.99	6.50564695530446e-224
"HNRNPAB"	7.27413406593581e-156	-0.454049834411593	0.582	0.682	1.52749541250586e-151
"PPP1R10"	1.8807048672113e-157	-0.454216270081031	0.503	0.637	3.94929215065701e-153
"MAFF"	5.68226576064268e-179	-0.454485445538767	0.65	0.789	1.19321898707736e-174
"NACA"	0	-0.454510742918586	0.998	1	0
"STAT3"	1.42730596255497e-188	-0.455206346554792	0.661	0.778	2.99719979076919e-184
"ADAMTS9"	4.4122603153663e-202	-0.455802033123115	0.135	0.305	9.26530543623769e-198
"RASGRP2"	0	-0.455827692352542	0.038	0.291	0
"KANK2"	1.00539032016732e-204	-0.456117578371637	0.31	0.493	2.11121913331935e-200
"SLCO3A1"	0	-0.456139418322117	0.151	0.375	0
"VASP"	0	-0.456480347110671	0.142	0.373	0
"TSC22D1"	2.90057355118636e-48	-0.461364798573539	0.746	0.759	6.09091440013624e-44
"MT-CO3"	0	-0.461567963065234	1	1	0
"UQCRB"	2.77283489146594e-287	-0.461858621214621	0.892	0.935	5.82267598858933e-283
"CDH6"	0	-0.464338423676842	0.01	0.269	0
"BTG2"	9.99015781303409e-86	-0.465039509801273	0.464	0.559	2.09783323915903e-81
"PTMS"	1.96081472522145e-300	-0.466677010307948	0.873	0.939	4.11751484149251e-296
"SORBS3"	5.65608180362255e-186	-0.467363781708315	0.372	0.527	1.1877206179427e-181
"SRSF3"	2.13216046184966e-220	-0.469045435511088	0.866	0.931	4.4773237538381e-216
"DYNLL1"	1.97397499749386e-205	-0.469059685829126	0.978	0.987	4.14515009723737e-201
"RAN"	5.10153207077692e-217	-0.470356213539741	0.796	0.857	1.07127071954245e-212
"TGFBI"	6.64719961152301e-139	-0.470843381454649	0.289	0.453	1.39584544642372e-134
"TUBB2B"	7.02902982489413e-117	-0.471017309647041	0.272	0.411	1.47602597292952e-112
"SLC25A3"	0	-0.47207165070811	0.904	0.952	0
"PRKAR2B"	0	-0.47233071111323	0.086	0.29	0
"SRSF2"	4.1194724820268e-222	-0.472612164284244	0.784	0.867	8.65048026500807e-218
"NR4A1"	5.89425775265643e-232	-0.472659622413983	0.792	0.935	1.23773518548032e-227
"EIF4A3"	3.52554863621482e-70	-0.474232664623271	0.745	0.846	7.4032995811875e-66
"PAWR"	1.04899242252216e-278	-0.475049126372313	0.22	0.44	2.20277918805428e-274
"SLC38A2"	3.50559015602754e-217	-0.475403844799198	0.854	0.924	7.36138876864223e-213
"HNRNPH3"	3.26879391554999e-181	-0.475586877993966	0.59	0.702	6.86414034326342e-177
"RCAN2"	1.06014886102059e-165	-0.477134698633191	0.23	0.387	2.22620659325714e-161
"SYTL2"	1.75821288380116e-177	-0.478049478531222	0.228	0.395	3.69207123469406e-173
"EEF1D"	0	-0.480733331557516	0.983	0.998	0
"FBLIM1"	0	-0.484417659218644	0.127	0.365	0
"BTF3"	0	-0.487267947317069	0.985	0.999	0
"HLA-E"	1.92859763657627e-212	-0.48771101492217	0.859	0.935	4.0498621770465e-208
"CFL1"	0	-0.488199410485993	0.959	0.985	0
"NDRG2"	1.9812065135732e-296	-0.48922247738938	0.25	0.486	4.16033555785237e-292
"RPS19"	0	-0.492798763792546	1	1	0
"VCL"	7.63848106504445e-244	-0.493520040645254	0.287	0.486	1.60400463884868e-239
"TEX41"	0	-0.494583835966602	0.055	0.315	0
"PRKAR1A"	7.51490014722336e-135	-0.495977118907989	0.498	0.594	1.57805388191543e-130
"ZFAS1"	9.99601366146991e-284	-0.496190346809856	0.933	0.983	2.09906290877207e-279
"MAP3K7CL"	0	-0.497122431911628	0.023	0.233	0
"ROCK2"	2.34056891535102e-244	-0.497586924353251	0.319	0.515	4.91496066534562e-240
"RPL5"	0	-0.497923973710906	0.999	1	0
"TM4SF1"	3.88364609574473e-235	-0.49807145609032	0.142	0.328	8.15526843645437e-231
"SERTAD1"	3.60153015751968e-169	-0.498123916685134	0.792	0.872	7.56285317777558e-165
"MIR22HG"	8.39429081844376e-143	-0.498166495250062	0.596	0.714	1.76271712896501e-138
"UBXN1"	1.98626564550361e-278	-0.4984153693576	0.536	0.703	4.17095922899303e-274
"TPM4"	2.33984424304832e-178	-0.498823687544437	0.767	0.835	4.91343892597716e-174
"CHD1"	4.44789987351679e-81	-0.498825946667539	0.501	0.583	9.34014494439791e-77
"SLC9A3R2"	2.96412451712539e-176	-0.500230847535122	0.281	0.445	6.2243650735116e-172
"CKS2"	2.50858839629807e-177	-0.500384379383346	0.279	0.452	5.26778477338631e-173
"RPS3A"	0	-0.500856912977866	1	1	0
"TLN1"	1.39878307279662e-225	-0.503870315664867	0.443	0.604	2.93730457456563e-221
"RPL10A"	0	-0.504254200040993	0.999	1	0
"ANGPT1"	0	-0.504326772796384	0.046	0.31	0
"NAMPT"	5.64828079184634e-132	-0.505957695116904	0.656	0.777	1.18608248347981e-127
"BMP2"	2.09942086726689e-262	-0.509718966535871	0.157	0.359	4.40857387917375e-258
"CD59"	1.3963835880019e-192	-0.510807010253915	0.78	0.835	2.93226589644519e-188
"ATF4"	5.82973780765356e-284	-0.511705293938394	0.764	0.858	1.22418664222917e-279
"ANKRD10"	2.25621413939015e-173	-0.511790737343427	0.495	0.616	4.73782407130538e-169
"MYL6"	1.25123267212718e-196	-0.513375470677734	0.997	0.996	2.62746348819987e-192
"SET"	3.54954919388388e-288	-0.513781149069385	0.711	0.822	7.45369835223676e-284
"MRPL32"	4.55907697698665e-242	-0.514136381394478	0.289	0.484	9.57360574397427e-238
"FMO3"	0	-0.514924814073331	0.048	0.267	0
"PFDN5"	0	-0.515345913307019	0.993	0.998	0
"CXCL8"	6.16625383215745e-05	-0.517234649614905	0.085	0.101	1
"ARHGEF17"	0	-0.518663741603266	0.103	0.375	0
"BRD2"	5.38062255343073e-212	-0.520027414588899	0.78	0.885	1.12987692999492e-207
"PTEN"	5.83642887243001e-277	-0.521565303648503	0.339	0.55	1.22559169892158e-272
"B3GNT2"	0	-0.522660296931532	0.11	0.36	0
"FOXC2"	0	-0.522665995578884	0.034	0.247	0
"TBX2-AS1"	0	-0.525949458540292	0.013	0.281	0
"CLMN"	0	-0.526606274873211	0.032	0.322	0
"STMN1"	4.50346979967035e-191	-0.527027089411566	0.249	0.44	9.45683623232777e-187
"FOXC1"	1.28770173179532e-179	-0.527123982554877	0.191	0.359	2.70404486659699e-175
"ETS1"	1.84658872332367e-245	-0.529892340069853	0.25	0.451	3.87765166010737e-241
"ODC1"	5.52620082531679e-219	-0.536162126446678	0.275	0.466	1.16044691130827e-214
"GLRX5"	6.49259824266394e-270	-0.536226841870275	0.394	0.583	1.363380704977e-265
"RBPMS"	0	-0.537523044074889	0.187	0.452	0
"B2M"	0	-0.540225445662111	1	1	0
"RPS2"	0	-0.543233646414515	1	1	0
"MFGE8"	4.13564969229867e-277	-0.544260773275921	0.689	0.83	8.68445078885798e-273
"ATP5F1B"	0	-0.548079829389448	0.698	0.799	0
"ATP1B2"	0	-0.548212553757471	0.043	0.337	0
"LITAF"	1.12788400372444e-218	-0.551439600334027	0.372	0.55	2.36844361942096e-214
"TUBB4B"	0	-0.554534198877963	0.843	0.952	0
"IER5L"	2.50615496153153e-163	-0.55474264059033	0.629	0.759	5.26267480372006e-159
"ROCK1"	5.21785137570095e-262	-0.555477236771839	0.393	0.581	1.09569661038344e-257
"RPS5"	0	-0.556401718724686	0.996	1	0
"YBX3"	3.93420808970757e-126	-0.558888983872427	0.918	0.934	8.26144356757692e-122
"ADCY3"	0	-0.559366914764925	0.213	0.479	0
"TBC1D1"	0	-0.563490720794883	0.066	0.351	0
"NEAT1"	1.29788891668437e-171	-0.565612390264561	0.99	0.996	2.7254369361455e-167
"MIR4435-2HG"	7.68130925128261e-236	-0.566416533238294	0.256	0.451	1.61299812967683e-231
"LDHB"	0	-0.568156671024319	0.613	0.743	0
"DNAJB9"	2.56071245359589e-102	-0.568622416346982	0.299	0.412	5.377240081306e-98
"ASAP1"	2.45576171571678e-248	-0.56891857364621	0.29	0.479	5.15685402683367e-244
"FRZB"	0	-0.570082868182197	0.142	0.426	0
"ZFHX3"	2.77882008211301e-269	-0.570363706799355	0.286	0.497	5.8352442904291e-265
"NUDT4"	3.81759810068016e-248	-0.570770112665272	0.397	0.585	8.01657425161827e-244
"CRIP2"	0	-0.571007816117794	0.24	0.486	0
"RPS8"	0	-0.571717324239065	1	1	0
"TMSB4X"	0	-0.574340698571508	0.999	1	0
"MRVI1"	0	-0.57492591062142	0.024	0.334	0
"EIF4A1"	0	-0.575414581093891	0.754	0.862	0
"RPL18"	0	-0.57561443164255	1	1	0
"NPM1"	0	-0.576287567205826	0.957	0.992	0
"MT1M"	1.48060237616021e-111	-0.577142549437703	0.516	0.631	3.10911692969881e-107
"SRGN"	6.76880828307547e-239	-0.583558898571351	0.067	0.222	1.42138205136302e-234
"PLN"	0	-0.584898666467564	0.005	0.156	0
"EIF5"	0	-0.587279970019832	0.877	0.933	0
"PTK2"	0	-0.591529854440194	0.172	0.449	0
"IFI16"	3.31025943838415e-199	-0.59158639437979	0.747	0.828	6.95121379466288e-195
"SH3BGRL"	0	-0.593488696289116	0.663	0.776	0
"DDX21"	3.29964573739535e-185	-0.593769647914708	0.507	0.637	6.9289260839565e-181
"PARM1"	0	-0.595447913663933	0.021	0.351	0
"CCDC3"	0	-0.597396330570178	0.093	0.321	0
"TUBA1B"	0	-0.597716133824942	0.94	0.98	0
"ENPEP"	0	-0.6011729228331	0.07	0.348	0
"PABPC1"	0	-0.601743727148587	0.861	0.949	0
"FOSL2"	5.20770465911719e-259	-0.603162775456409	0.444	0.618	1.09356590136802e-254
"KIAA0040"	0	-0.604910240048931	0.083	0.361	0
"MIDN"	2.24009370441249e-228	-0.607398426747125	0.639	0.766	4.70397276989578e-224
"PDE5A"	0	-0.608161328758669	0.108	0.426	0
"NCK2"	0	-0.608362714352884	0.135	0.431	0
"ATP5MC2"	0	-0.60875682379016	0.832	0.908	0
"SLC7A5"	0	-0.609368239600701	0.079	0.337	0
"SNCG"	0	-0.609992880279788	0.052	0.251	0
"ARID5B"	2.52358500034147e-279	-0.610640006554586	0.831	0.921	5.29927614221705e-275
"MYC"	6.31315229882515e-202	-0.610864719532747	0.624	0.788	1.32569885123029e-197
"RPS16"	0	-0.612020205548713	0.999	1	0
"INPP4B"	0	-0.613584117155739	0.031	0.339	0
"ACTG2"	0	-0.613950630403518	0.004	0.117	0
"H3F3B"	0	-0.615422100051117	0.999	1	0
"EDNRB"	3.75665671576906e-178	-0.616030894863175	0.209	0.378	7.88860343744345e-174
"PDLIM3"	0	-0.617329067920324	0.073	0.291	0
"CRIM1"	0	-0.617510621747628	0.154	0.414	0
"ARID5A"	0	-0.62198800747713	0.157	0.439	0
"EGFLAM"	0	-0.624956991788131	0.052	0.382	0
"MAP1B"	0	-0.626085522798089	0.788	0.906	0
"GPRC5C"	0	-0.627545011919878	0.013	0.326	0
"ZEB2"	0	-0.631873924517664	0.582	0.746	0
"ING1"	0	-0.632529375141389	0.36	0.587	0
"FAU"	0	-0.632763460866014	1	1	0
"MALAT1"	0	-0.634216305544608	0.999	1	0
"CHCHD10"	0	-0.63721000453108	0.467	0.691	0
"SOCS3"	3.43555934111133e-245	-0.637284122574592	0.735	0.893	7.21433106039968e-241
"HLA-B"	0	-0.637677822125324	0.954	0.988	0
"HNRNPA1"	0	-0.637989843174026	0.932	0.989	0
"LDHA"	8.15791592624994e-280	-0.638024469018414	0.946	0.975	1.71308076535322e-275
"PDGFRB"	0	-0.639131360674974	0.723	0.847	0
"TNS1"	0	-0.639182151350765	0.226	0.505	0
"DUSP14"	8.84162225378941e-303	-0.644937114284167	0.186	0.403	1.85665225707324e-298
"ITGA1"	0	-0.646143493683335	0.148	0.404	0
"PPP1R12B"	0	-0.64630142913364	0.104	0.407	0
"MTUS1"	0	-0.646888867429286	0.127	0.386	0
"ZNF503"	1.81403567932695e-220	-0.650122924697116	0.483	0.629	3.80929352301867e-216
"CCL21"	8.4923903263298e-209	-0.650789538583062	0.036	0.153	1.783317044626e-204
"AOC3"	0	-0.651745797961428	0.027	0.358	0
"ARPC5"	8.36079650136608e-299	-0.652718087338779	0.558	0.688	1.75568365732186e-294
"PPP1R15A"	0	-0.654998309155972	0.95	0.98	0
"GJC1"	0	-0.655806923777665	0.041	0.366	0
"C9orf3"	0	-0.656865908118712	0.303	0.567	0
"HEXIM1"	7.31537627717026e-281	-0.657463221747658	0.509	0.7	1.53615586444298e-276
"HSPA2"	0	-0.658234893934354	0.316	0.578	0
"RASL11A"	0	-0.663921657909879	0.142	0.437	0
"RNF152"	0	-0.669382321738155	0.137	0.41	0
"CNN1"	0	-0.672956965119206	0.023	0.214	0
"LRRFIP1"	0	-0.67409365823735	0.32	0.555	0
"ZNF703"	0	-0.675822553352314	0.295	0.553	0
"C2orf40"	0	-0.676708498849874	0.039	0.258	0
"NCL"	0	-0.678629597339122	0.814	0.928	0
"CRIP1"	7.20129242389237e-285	-0.685666929695386	0.536	0.711	1.51219939609316e-280
"PTP4A3"	0	-0.688056710003095	0.04	0.373	0
"MAT2A"	1.1703987815233e-147	-0.689405735058327	0.408	0.539	2.45772040132078e-143
"FABP5"	8.94470037952357e-299	-0.690516057318529	0.261	0.503	1.87829763269615e-294
"CHSY1"	0	-0.694370034683605	0.231	0.496	0
"CPM"	0	-0.696319683590843	0.022	0.339	0
"RPL3"	0	-0.69715374659008	0.999	1	0
"FADS3"	0	-0.698018241251245	0.211	0.541	0
"LGI4"	0	-0.700490727319619	0.043	0.404	0
"PLEKHO1"	3.07740345821871e-203	-0.700706820162988	0.222	0.398	6.46223952191347e-199
"IFITM2"	0	-0.702213138089192	0.853	0.948	0
"ADGRF5"	0	-0.702911638633394	0.015	0.367	0
"IFITM1"	0	-0.704559375154068	0.441	0.639	0
"SORBS2"	0	-0.704709490535631	0.017	0.222	0
"NFIL3"	2.43303113850103e-303	-0.706626650500491	0.499	0.689	5.10912208773832e-299
"HSPD1"	6.95070204954615e-259	-0.706857457192146	0.682	0.804	1.4595779233842e-254
"DEPP1"	0	-0.708676286545891	0.083	0.319	0
"TNFAIP3"	8.31087963677342e-131	-0.71109505563708	0.518	0.638	1.74520161492605e-126
"RPS7"	0	-0.712858457613671	0.998	1	0
"PGF"	0	-0.713677210341378	0.196	0.5	0
"MAP3K20"	0	-0.714064478921155	0.278	0.563	0
"ESAM"	0	-0.714669875218474	0.028	0.426	0
"SERPINI1"	0	-0.716634109151156	0.101	0.394	0
"MGLL"	0	-0.718250328207356	0.183	0.524	0
"SEPHS2"	0	-0.722935956201789	0.222	0.458	0
"UBE2S"	0	-0.726928012236988	0.681	0.846	0
"MT2A"	6.64799673399728e-297	-0.728564004593689	0.849	0.972	1.39601283417209e-292
"TFPI"	4.63260494209068e-203	-0.729419917689121	0.445	0.577	9.72800711789623e-199
"BST2"	0	-0.737522477399196	0.161	0.545	0
"ACTN4"	0	-0.741606989336993	0.375	0.62	0
"GAPDH"	0	-0.74223599354192	0.995	0.999	0
"FLNA"	1.2452698790467e-246	-0.742589964842116	0.613	0.726	2.61494221901016e-242
"OAZ2"	0	-0.744446432302263	0.286	0.574	0
"IGFBP7"	0	-0.747740730904279	0.941	1	0
"EFHD1"	0	-0.748648312916118	0.07	0.465	0
"ANGPTL4"	1.95927398568046e-193	-0.749206432418727	0.264	0.44	4.11427944253039e-189
"CAV2"	0	-0.750810768274997	0.236	0.549	0
"STOM"	0	-0.758568366021363	0.514	0.752	0
"NR4A3"	0	-0.759000917793104	0.214	0.466	0
"GADD45B"	5.31803305938918e-138	-0.767562422491939	0.97	0.971	1.11673376214113e-133
"TUBA1C"	0	-0.769533801346674	0.534	0.733	0
"H2AFZ"	0	-0.775740878583898	0.878	0.958	0
"CALM2"	0	-0.77803142329216	0.949	0.989	0
"SLC7A2"	0	-0.781745131449036	0.103	0.455	0
"CHN1"	0	-0.791491402774917	0.164	0.441	0
"UGCG"	0	-0.799483829524518	0.363	0.606	0
"CCDC102B"	0	-0.801861389680626	0.069	0.407	0
"LMOD1"	0	-0.803610702821134	0.064	0.405	0
"UBA2"	0	-0.813750974131923	0.205	0.569	0
"BTG1"	0	-0.823933450664553	0.873	0.979	0
"SEPT4"	0	-0.825492421771136	0.058	0.434	0
"CDKN1A"	2.04799946049676e-282	-0.829050832648116	0.685	0.824	4.30059406709715e-278
"RERGL"	0	-0.829845049591317	0.005	0.147	0
"EGFL6"	0	-0.832281388885156	0.065	0.311	0
"JAG1"	0	-0.844342879555859	0.219	0.56	0
"ISYNA1"	0	-0.845073808573421	0.083	0.501	0
"RERG"	0	-0.849684086044716	0.052	0.473	0
"ITGA7"	0	-0.851454049612748	0.049	0.5	0
"TIMP3"	0	-0.854046615888159	0.718	0.941	0
"ARHGAP29"	0	-0.85581992490578	0.238	0.565	0
"MYO1B"	0	-0.858233446656641	0.247	0.553	0
"TBX2"	0	-0.858716445032265	0.03	0.443	0
"PDLIM1"	0	-0.860662307597211	0.328	0.607	0
"C1QTNF1"	0	-0.861275525382484	0.134	0.548	0
"ISG15"	1.07941932741685e-256	-0.86223716612136	0.356	0.552	2.26667264564264e-252
"PPP1R12A"	0	-0.867851765707918	0.468	0.718	0
"MYH9"	0	-0.875619507171061	0.292	0.646	0
"LPP"	0	-0.8772017040972	0.439	0.663	0
"CEBPD"	1.08126679771746e-205	-0.880430092688928	0.898	0.959	2.2705521485269e-201
"RHOB"	1.46135614604811e-252	-0.8821935626418	0.663	0.776	3.06870177108642e-248
"GPM6B"	0	-0.884311902985822	0.163	0.522	0
"LHFPL6"	0	-0.891553250696038	0.762	0.871	0
"GLA"	2.13559072346889e-115	-0.893911232707403	0.335	0.446	4.48452696021232e-111
"APOLD1"	0	-0.897358246616545	0.036	0.393	0
"FILIP1L"	0	-0.901737657897482	0.369	0.618	0
"KCNJ8"	0	-0.905626629483763	0.077	0.401	0
"FAM162B"	0	-0.907193778971773	0.019	0.412	0
"C20orf27"	0	-0.919449633954173	0.182	0.523	0
"HIGD1B"	0	-0.92108848291671	0.006	0.362	0
"ATF3"	0	-0.935235513447665	0.728	0.868	0
"KLF9"	0	-0.9399279594085	0.674	0.873	0
"MTHFD2"	0	-0.945404600131334	0.153	0.562	0
"CPE"	0	-0.949261542321108	0.676	0.954	0
"CYTOR"	0	-0.95985373758816	0.35	0.636	0
"CSRP1"	0	-0.960093101501421	0.304	0.536	0
"FABP4"	0	-0.961567746421125	0.028	0.232	0
"ZNF331"	7.80723912388063e-118	-0.961754783994136	0.385	0.501	1.63944214362369e-113
"SEPT7"	0	-0.977220127107066	0.871	0.948	0
"CCND1"	0	-0.98268984290209	0.283	0.574	0
"NRARP"	0	-0.985596855546687	0.084	0.467	0
"SLC25A5"	0	-0.9898730917332	0.702	0.918	0
"ABCC9"	0	-0.993595352608045	0.19	0.544	0
"ARHGDIB"	0	-1.00003776746998	0.132	0.489	0
"PHLDA2"	0	-1.00054581693043	0.352	0.668	0
"ADRA2A"	0	-1.01693259075281	0.132	0.499	0
"DSTN"	7.65121937968142e-236	-1.0183835699426	0.931	0.926	1.6066795575393e-231
"PMEPA1"	0	-1.03646643916472	0.549	0.834	0
"COX4I2"	0	-1.05056075141377	0.061	0.491	0
"GUCY1A2"	0	-1.05556922415921	0.043	0.489	0
"PPP1R14A"	0	-1.07953239734147	0.055	0.463	0
"CRISPLD2"	0	-1.09212668951624	0.566	0.771	0
"ATP1B3"	9.81059356164447e-259	-1.15244243463997	0.474	0.627	2.06012654200972e-254
"SSTR2"	0	-1.1640641515527	0.049	0.416	0
"BCAM"	0	-1.17927362884807	0.057	0.499	0
"MEF2C"	0	-1.2011821575572	0.132	0.607	0
"DDIT4"	0	-1.2162979835912	0.592	0.759	0
"CAV1"	0	-1.22289271009043	0.718	0.951	0
"SPARCL1"	0	-1.22487275363369	0.614	0.931	0
"PHLDA1"	0	-1.23841943388707	0.388	0.75	0
"HOPX"	0	-1.24126327063612	0.053	0.553	0
"AVPR1A"	0	-1.25533108956281	0.046	0.479	0
"CREM"	6.49786492673706e-231	-1.27732787957399	0.258	0.439	1.36448665596551e-226
"SNHG15"	0	-1.29002696090874	0.299	0.697	0
"HES4"	0	-1.29288668256193	0.346	0.79	0
"ADAMTS1"	0	-1.3113056689808	0.588	0.836	0
"TCIM"	0	-1.31790158698745	0.177	0.478	0
"ANGPT2"	0	-1.33800999513268	0.032	0.588	0
"EPS8"	0	-1.34559386707158	0.281	0.758	0
"KCNE4"	0	-1.35218561609236	0.239	0.558	0
"CALD1"	0	-1.35403772998766	0.984	0.998	0
"NOTCH3"	0	-1.35590085074149	0.202	0.759	0
"LBH"	0	-1.37362450568112	0.26	0.658	0
"PTMA"	0	-1.39693505687994	0.998	1	0
"TPM1"	0	-1.41121559454566	0.647	0.922	0
"STEAP4"	0	-1.41761606457891	0.152	0.592	0
"EPAS1"	0	-1.42587581438226	0.226	0.801	0
"ADAMTS4"	0	-1.49605829702965	0.279	0.641	0
"MYLK"	0	-1.50569611728329	0.088	0.671	0
"CCL8"	0	-1.51659029288515	0.038	0.258	0
"COL4A2"	0	-1.53557891712128	0.355	0.705	0
"SYNPO2"	0	-1.54009979786111	0.126	0.699	0
"COL4A1"	0	-1.57946604305185	0.307	0.658	0
"A2M"	0	-1.59659967044884	0.168	0.776	0
"CYCS"	0	-1.59947913996611	0.688	0.86	0
"RGS16"	0	-1.61894019194397	0.612	0.848	0
"COL18A1"	0	-1.62908807745721	0.533	0.909	0
"NR2F2"	0	-1.65430541765271	0.455	0.891	0
"IL6"	2.05048424236249e-204	-1.66177910930982	0.32	0.488	4.30581186053698e-200
"RRAD"	0	-1.69581083815739	0.45	0.786	0
"MYH11"	0	-1.72878120375781	0.016	0.321	0
"PDGFA"	0	-1.74814113217483	0.062	0.735	0
"ADIRF"	0	-1.81722760995763	0.818	0.993	0
"MT1A"	0	-1.92701739683412	0.296	0.621	0
"GJA4"	0	-1.93644085665059	0.017	0.615	0
"TINAGL1"	0	-1.94319663827705	0.033	0.829	0
"MCAM"	0	-2.18517728753576	0.034	0.809	0
"MYL9"	0	-2.21174072321608	0.719	0.96	0
"ID4"	0	-2.24066946478345	0.558	0.928	0
"CCL2"	0	-2.29452768308662	0.483	0.794	0
"TPM2"	0	-2.31898398120538	0.625	0.964	0
"NDUFA4L2"	0	-2.50521513550218	0.063	0.709	0
"C11orf96"	0	-2.54074999483302	0.758	0.994	0
"ACTA2"	0	-3.08186435917752	0.143	0.746	0
"TAGLN"	0	-3.37792841636796	0.356	0.98	0
"RGS5"	0	-3.70363162067856	0.035	0.765	0
